# Camera parameter file. 

# The format of each camera is as follows:
# Filename (of the undistorted image in visualize folder)
# Original filename
# Focal Length (of the undistorted image)
# 2-vec Principal Point (image center)
# 3-vec Translation T (as in P = K[R T])
# 3-vec Camera Position C (as in P = K[R -RC])
# 3-vec Axis Angle format of R
# 4-vec Quaternion format of R
# 3x3 Matrix format of R
# [Normalized radial distortion] = [radial distortion] * [focal length]^2
# 3-vec Lat/Lng/Alt from EXIF

# The nubmer of cameras in this reconstruction
4

00000000.jpg
Y:\ND\UFS\Trabalho de Conclusao de Curso\Documentos\LateX\Figuras\Base2\Melhores\3 (3).JPG
3042.30981445
2000 1500
-0.0547603804331 -0.107915455716 0.210757150635
0.102739354821 0.0911285535399 -0.200507407902
0.0572730581173 0.202014180738 0.0627613034077
0.994002411302 0.0285792560941 0.100805076518 0.031317890503
0.977714826875 -0.0564982766921 0.202191052541
0.0680219580152 0.99640512201 -0.0505017058124
-0.19861090398 0.0631296920705 0.978043225808
0.00787866892148
0 0 0

00000001.jpg
Y:\ND\UFS\Trabalho de Conclusao de Curso\Documentos\LateX\Figuras\Base2\Melhores\3 (4).JPG
3026.86621094
2000 1500
0.858049278257 -0.317251663579 -0.248006082805
-0.858049503838 0.317251526232 0.24800605032
0 0 0
1.00000001624 0 0 0
0.999999714211 -4.42637289044e-008 -2.25666479947e-008
-4.42637289044e-008 1.00000033201 -2.40502698867e-008
-2.25666479947e-008 -2.40502698867e-008 1.00000008368
0.00902742150766
0 0 0

00000002.jpg
Y:\ND\UFS\Trabalho de Conclusao de Curso\Documentos\LateX\Figuras\Base2\Melhores\3.JPG
3031.00976563
2000 1500
1.05555479202 0.988027526814 -0.354795822071
-1.04807475369 -0.917499700454 0.525363985406
0.116640332402 -0.0562782592727 0.0181550292978
0.997863085545 0.0582786185445 -0.0281190831419 0.00907104776985
0.998253998951 -0.0213808372013 -0.0550606636126
0.0148258176657 0.993043183152 -0.116818320709
0.057175316654 0.11579800778 0.991625767872
0.00812737817936
0 0 0

00000003.jpg
Y:\ND\UFS\Trabalho de Conclusao de Curso\Documentos\LateX\Figuras\Base2\Melhores\3 (2).JPG
3029.06005859
2000 1500
2.19264664621 -0.513373221289 0.209129391597
-2.19682485966 0.423647865251 0.330861508791
-0.0611579376259 -0.231773268058 -0.0389847869891
0.992636741029 -0.0305038782835 -0.115602059727 -0.0194445274544
0.972516144138 0.0456553167861 -0.228315412446
-0.0315500926666 0.997383209204 0.065054185533
0.230687994847 -0.0560628957793 0.971411445225
0.0122732442459
0 0 0

