# Camera parameter file. 

# The format of each camera is as follows:
# Filename (of the undistorted image in visualize folder)
# Original filename
# Focal Length (of the undistorted image)
# 2-vec Principal Point (image center)
# 3-vec Translation T (as in P = K[R T])
# 3-vec Camera Position C (as in P = K[R -RC])
# 3-vec Axis Angle format of R
# 4-vec Quaternion format of R
# 3x3 Matrix format of R
# [Normalized radial distortion] = [radial distortion] * [focal length]^2
# 3-vec Lat/Lng/Alt from EXIF

# The nubmer of cameras in this reconstruction
34

00000000.jpg
C:\Users\Nanio\Desktop\Organizar\TCC parte 2\Fotos carrinho 3\2016-02-29 15.00.52.jpg
663.005126953
320 240
0.0204330811951 0.16192188307 -0.336852673518
0.302052941415 -3.33066907388e-016 -0.221064836937
0.345637618507 -2.23237740244 -0.448108193392
0.407122440433 0.137081048735 -0.88536842957 -0.177721225375
-0.630920540667 -0.0980252746349 -0.76963087513
-0.387442470601 0.899248795282 0.203079539099
0.672182547785 0.42631462349 -0.605333528599
-0.104718756132
0 0 0

00000001.jpg
C:\Users\Nanio\Desktop\Organizar\TCC parte 2\Fotos carrinho 3\2016-02-29 15.02.44.jpg
687.466186523
320 240
0.13902671777 1.0523683024 0.312026705771
0.630990973395 -0.898966027254 0.133711242462
0.76462308212 -2.14012185359 -0.584365009751
0.387139715413 0.30044201959 -0.84091436277 -0.229613528303
-0.519715116936 -0.327506115106 -0.789073824327
-0.683076179115 0.714024678706 0.153543779595
0.513131564033 0.618795931444 -0.594800924768
-0.179124578254
0 0 0

00000002.jpg
C:\Users\Nanio\Desktop\Organizar\TCC parte 2\Fotos carrinho 3\2016-02-29 15.02.39.jpg
692.57824707
320 240
1.05082318433 1.09116172295 0.394477324155
1.20910924677 -0.951760112261 0.287548835924
0.417503364313 -2.44649932538 -0.883367216516
0.250892430884 0.153413023148 -0.898974450784 -0.324596271118
-0.827035111555 -0.112950626783 -0.550686579057
-0.43870561685 0.742202650864 0.506627588428
0.351496961984 0.660588253655 -0.663379491809
-0.0298102878896
0 0 0

00000003.jpg
C:\Users\Nanio\Desktop\Organizar\TCC parte 2\Fotos carrinho 3\2016-02-29 15.02.49.jpg
686.397460938
320 240
-0.767576339368 1.93384677355 0.513986496023
1.06722660111 -1.59057873836 -0.961356321088
0.88261671115 -1.94277539366 -0.899517012218
0.401304431854 0.349105707761 -0.76843546044 -0.355790366561
-0.434159972292 -0.250969649352 -0.865169765319
-0.822090653 0.503077095478 0.266608772105
0.368336458155 0.826999442944 -0.424736135083
-0.0982708784681
0 0 0

00000004.jpg
C:\Users\Nanio\Desktop\Organizar\TCC parte 2\Fotos carrinho 3\2016-02-29 15.02.54.jpg
855.225341797
320 240
-1.53844018297 2.01157009321 1.73311581556
0.629983902713 -2.59202651272 -1.51704186587
0.857507876355 -1.70384806024 -0.97191731475
0.479770893731 0.351443461627 -0.698309924477 -0.398333350549
-0.292616446765 -0.108614847726 -0.950040537141
-0.873049838109 0.43563735727 0.219096899325
0.390074569128 0.893546274046 -0.22230046862
-0.496132718989
0 0 0

00000005.jpg
C:\Users\Nanio\Desktop\Organizar\TCC parte 2\Fotos carrinho 3\2016-02-29 15.02.59.jpg
769.957092285
320 240
-2.09063827194 2.0920007352 1.02621009706
1.1241446089 -1.75373469956 -2.33689440592
0.855007966784 -1.53520686324 -1.02669406839
0.525413272832 0.357450997847 -0.641820013947 -0.429227368034
-0.192340297968 -0.00779351342505 -0.981297580348
-0.909880538336 0.375984941116 0.175354776197
0.367585436039 0.92659277082 -0.0794082140779
-0.0261833372466
0 0 0

00000006.jpg
C:\Users\Nanio\Desktop\Organizar\TCC parte 2\Fotos carrinho 3\2016-02-29 15.02.07.jpg
587.984313965
320 240
-0.0741574728719 -3.19188423582 5.12412857177
4.05274140371 -1.16306072108 -4.32122006458
0.719165487376 0.706684180857 0.269410444903
0.866913188336 0.343484627452 0.337523361241 0.128674620687
0.739040231713 0.00876892596975 0.673602046722
0.45496782868 0.730922140201 -0.508681362615
-0.496811766203 0.682404051499 0.53619153253
0.0247675092535
0 0 0

00000007.jpg
C:\Users\Nanio\Desktop\Organizar\TCC parte 2\Fotos carrinho 3\2016-02-29 15.02.10.jpg
604.720092773
320 240
0.45582388255 -3.10897867322 4.9977586401
4.5344683271 -1.27307811063 -3.55936211026
0.721672659618 0.938097463069 0.35417127328
0.815204980261 0.338322804794 0.439783550957 0.166036799311
0.558043905377 0.0268695301727 0.829375937164
0.568285632994 0.715937512319 -0.405564199552
-0.604679026744 0.697645542063 0.384255221673
0.0680260435915
0 0 0

00000008.jpg
C:\Users\Nanio\Desktop\Organizar\TCC parte 2\Fotos carrinho 3\2016-02-29 15.00.56.jpg
626.757019043
320 240
1.01419947468 -0.0197009110889 -0.137155933158
0.89744020008 0.13705486073 0.472882379656
0.247649236281 -2.50196569938 -0.53555768037
0.281632786333 0.0924394208824 -0.933902578466 -0.199906297173
-0.824275767127 -0.0600589937023 -0.562993885456
-0.285259663615 0.902983939006 0.321318935137
0.489076455893 0.425454821818 -0.761440066527
-0.21537495468
0 0 0

00000009.jpg
C:\Users\Nanio\Desktop\Organizar\TCC parte 2\Fotos carrinho 3\2016-02-29 15.01.01.jpg
647.667053223
320 240
1.64299668823 -0.0990361674621 0.241733867895
1.42150654794 0.0135725622082 0.864184738527
0.131338110056 -2.70125541707 -0.572675881578
0.187478570028 0.0466680472094 -0.95983043516 -0.203487510713
-0.925347397619 -0.0132855119291 -0.37888771968
-0.165883702037 0.912829516233 0.373127974071
0.340902830133 0.408125009099 -0.846889261735
-0.140527752248
0 0 0

00000010.jpg
C:\Users\Nanio\Desktop\Organizar\TCC parte 2\Fotos carrinho 3\2016-02-29 15.00.47.jpg
629.374389648
320 240
-1.16581132659 0.227341887782 -0.391312941533
0.00111309591499 -0.107634480584 -1.24592920295
0.435492111941 -1.91293574242 -0.449664311553
0.534925624176 0.182807763921 -0.802998483801 -0.188756868508
-0.360871734216 -0.0916471244726 -0.928101386554
-0.49553066729 0.861904665359 0.107566026492
0.790076474085 0.498720255371 -0.356451237543
-0.206569048816
0 0 0

00000011.jpg
C:\Users\Nanio\Desktop\Organizar\TCC parte 2\Fotos carrinho 3\2016-02-29 15.00.38.jpg
651.596862793
320 240
-1.69463036187 0.192552913383 -0.120350695798
-0.122614485833 -0.0186392478208 -1.70527183948
0.344944450714 -1.69993508705 -0.505301658427
0.618989786367 0.149953994669 -0.73899451478 -0.219664360558
-0.188730358693 0.0503101961882 -0.980739253104
-0.493569786268 0.85852167086 0.139021542066
0.848980974215 0.510301506566 -0.137197889662
-0.0826182606252
0 0 0

00000012.jpg
C:\Users\Nanio\Desktop\Organizar\TCC parte 2\Fotos carrinho 3\2016-02-29 15.00.33.jpg
667.725402832
320 240
-2.55639792829 -0.459506589732 0.516065957422
-0.223165030072 0.0733642508355 -2.63769699534
0.432552224334 -1.37649486972 -0.316163680805
0.739448662647 0.197144141427 -0.627364475322 -0.144097784952
0.171299980516 -0.0342563696071 -0.984623818081
-0.4604680271 0.880740141843 -0.110752443683
0.870991470997 0.472359443225 0.135097176405
0.298665239659
0 0 0

00000013.jpg
C:\Users\Nanio\Desktop\Organizar\TCC parte 2\Fotos carrinho 3\2016-02-29 15.00.28.jpg
673.074890137
320 240
-3.02527460551 -0.782245034315 1.22288651282
0.0166282433255 -0.0198884878631 -3.35543815803
0.47296735294 -1.10322483245 -0.252307067837
0.817763159913 0.221935779609 -0.517678570731 -0.118392877337
0.435985022077 -0.036147970094 -0.899228616325
-0.423417304023 0.873454851442 -0.240403005061
0.794125238957 0.485560612661 0.365506469324
0.173390882986
0 0 0

00000014.jpg
C:\Users\Nanio\Desktop\Organizar\TCC parte 2\Fotos carrinho 3\2016-02-29 15.00.23.jpg
676.158752441
320 240
-3.278284433 -1.15900417706 2.18934979374
0.121136553107 -0.014529613201 -4.1071653662
0.428918631789 -0.888331141682 -0.162514624817
0.877640744781 0.205638776347 -0.42589739738 -0.0779152643627
0.625081170866 -0.038399251329 -0.779614659452
-0.311925693909 0.903283820156 -0.294586177347
0.715524976694 0.427321697969 0.552648116576
0.131350731938
0 0 0

00000015.jpg
C:\Users\Nanio\Desktop\Organizar\TCC parte 2\Fotos carrinho 3\2016-02-29 15.01.50.jpg
614.591125488
320 240
0.531808880084 -2.68734722713 5.63461990236
4.74192273189 -4.4408920985e-016 -4.09484428036
0.411546911608 0.927524053121 0.209244879501
0.868792371208 0.196692488657 0.443295792416 0.100005357657
0.586976507727 0.000618051704345 0.809604932002
0.348153618952 0.902621882499 -0.253106002639
-0.730923078558 0.430433731838 0.529602346855
0.0896575432383
0 0 0

00000016.jpg
C:\Users\Nanio\Desktop\Organizar\TCC parte 2\Fotos carrinho 3\2016-02-29 14.59.47.jpg
603.335327148
320 240
-0.768554978119 -2.74452417045 5.06217560141
3.93091242948 0.153828867822 -4.27468918306
0.434679596309 0.587195979325 0.186202031471
0.929785339394 0.212228766652 0.286693646385 0.0909116227737
0.819083668579 -0.0473669395238 0.571715202708
0.290746236618 0.893388270871 -0.3425271888
-0.494538994515 0.446781594521 0.74553116996
-0.0037737053909
0 0 0

00000017.jpg
C:\Users\Nanio\Desktop\Organizar\TCC parte 2\Fotos carrinho 3\2016-02-29 14.59.51.jpg
609.820373535
320 240
-1.17474079859 -2.80343066356 4.95039539204
3.64573389403 0.18057308148 -4.51904357435
0.469868395461 0.463059291829 0.124025700134
0.94420374229 0.230548241639 0.22720724896 0.0608551402057
0.889346738496 -0.0101550210779 0.457120404364
0.219683583401 0.886288304971 -0.407715247036
-0.400999334608 0.4630228031 0.790447784349
0.00752099844347
0 0 0

00000018.jpg
C:\Users\Nanio\Desktop\Organizar\TCC parte 2\Fotos carrinho 3\2016-02-29 15.01.53.jpg
619.906616211
320 240
0.114077753518 -2.71762952439 5.76530006734
4.1375693943 0 -4.84950894131
0.431131303946 0.71878635042 0.131447987692
0.911365408915 0.209158344292 0.348710848825 0.0637704643914
0.748668025122 0.0296349990802 0.662282243341
0.262107780507 0.904372490848 -0.336764075193
-0.608929777987 0.425714644703 0.669307118295
0.144128833048
0 0 0

00000019.jpg
C:\Users\Nanio\Desktop\Organizar\TCC parte 2\Fotos carrinho 3\2016-02-29 14.59.56.jpg
611.222717285
320 240
-1.81375763391 -2.74033329722 4.75118126686
3.16561499153 0.118864340232 -4.83090301484
0.490925276836 0.250705085844 0.0808396228635
0.961450714286 0.242300320686 0.12373761459 0.039899079286
0.966193980629 -0.0167587207288 0.25727043118
0.136685272387 0.879396651159 -0.456045472309
-0.218600040547 0.475793793271 0.851959272218
0.0242668038873
0 0 0

00000020.jpg
C:\Users\Nanio\Desktop\Organizar\TCC parte 2\Fotos carrinho 3\2016-02-29 15.01.56.jpg
601.762939453
320 240
-0.636187829805 -2.79993356823 5.64775393662
3.40973132778 0.0284367101442 -5.33989234876
0.462000913484 0.469557247797 0.0649556095569
0.945729312816 0.226806287612 0.230515856324 0.0318881202032
0.891690142625 0.0442500972232 0.450476180839
0.16488021725 0.895083466341 -0.41429357608
-0.421546228739 0.443695842023 0.790842123514
0.0569731462652
0 0 0

00000021.jpg
C:\Users\Nanio\Desktop\Organizar\TCC parte 2\Fotos carrinho 3\2016-02-29 15.02.00.jpg
600.356384277
320 240
-1.69927147045 -2.74422049293 5.17039052603
3.03001658815 -0.0520028046315 -5.28843447931
0.510337063527 0.241933502481 0.0222522817154
0.960331083425 0.251785436956 0.119362940672 0.0109786274119
0.971263118195 0.0390212218784 0.234784543709
0.0811936905065 0.872967155654 -0.480973909054
-0.223727224836 0.486215616795 0.844712885318
0.0295595013478
0 0 0

00000022.jpg
C:\Users\Nanio\Desktop\Organizar\TCC parte 2\Fotos carrinho 3\2016-02-29 15.01.46.jpg
567.80065918
320 240
1.52274860746 -3.05447062152 4.4560681807
4.75141710542 -0.0467130662375 -2.98780577017
0.539680822782 1.25620763983 0.347132906999
0.761414511952 0.248018135512 0.577308408033 0.159529953139
0.282530509875 0.0434290863184 0.958275209077
0.529302771964 0.826074035439 -0.193493443842
-0.800008789914 0.561884986583 0.210403690727
-0.0284392070598
0 0 0

00000023.jpg
C:\Users\Nanio\Desktop\Organizar\TCC parte 2\Fotos carrinho 3\2016-02-29 15.01.42.jpg
570.669616699
320 240
1.83394357769 -2.75301222319 4.45270804345
5.11935624973 -0.118279873571 -2.13242661617
0.471990826662 1.47502665688 0.410871432712
0.695889193996 0.211548696996 0.661114474416 0.184154672746
0.0580294599051 0.0234133617978 0.998040312531
0.53601834895 0.842668058555 -0.0509344655186
-0.842209362432 0.537923343454 0.0363495628232
-0.0788942599447
0 0 0

00000024.jpg
C:\Users\Nanio\Desktop\Organizar\TCC parte 2\Fotos carrinho 3\2016-02-29 15.02.14.jpg
591.64276123
320 240
1.93795037407 -2.7279642998 3.81217964405
4.64664901947 -0.844062106968 -1.85104751174
0.647213137481 1.51138019955 0.579792500735
0.643540387033 0.284154694875 0.66356159134 0.254554105281
-0.0102235420996 0.0494767514678 0.998722992997
0.704740141201 0.708916527287 -0.0279051677872
-0.709391740247 0.703554921482 -0.0421160662183
0.0031754406357
0 0 0

00000025.jpg
C:\Users\Nanio\Desktop\Organizar\TCC parte 2\Fotos carrinho 3\2016-02-29 15.02.28.jpg
942.153137207
320 240
3.12747894669 -1.40115646414 3.98805780689
5.13069003166 -1.06177579283 -0.444545421084
0.251098266623 2.02439942003 0.821881023448
0.453926952819 0.101733573149 0.82019437749 0.332988731239
-0.567200958604 -0.135422274449 0.812368586261
0.469187965928 0.757537521709 0.453871625578
-0.676864751711 0.638590069014 -0.366137849125
0.497914673844
0 0 0

00000026.jpg
C:\Users\Nanio\Desktop\Organizar\TCC parte 2\Fotos carrinho 3\2016-02-29 15.02.18.jpg
1081.21508789
320 240
2.12401750092 -2.43171111988 6.3210406659
7.03150686457 -0.863976827767 0.437812710421
0.439434444053 1.91532079029 0.338674310042
0.542800779287 0.18508209891 0.806699603888 0.142643693497
-0.342223663831 0.143757167914 0.928555505029
0.453465599877 0.890794973542 0.0292153622513
-0.822953189536 0.431066192333 -0.370040565732
0.849049828378
0 0 0

00000027.jpg
C:\Users\Nanio\Desktop\Organizar\TCC parte 2\Fotos carrinho 3\2016-02-29 15.01.38.jpg
628.35144043
320 240
2.52140211711 -2.26791215379 4.40434484061
5.54105160874 -0.0284395018009 -0.441683214375
0.367289002074 1.94351283693 0.378972315546
0.53444399909 0.154146261968 0.815666238872 0.159049591741
-0.381217184534 0.0814577341466 0.920889435809
0.421470133602 0.901884555527 0.0946978722153
-0.822822270694 0.42422805098 -0.378145818338
-0.668355667311
0 0 0

00000028.jpg
C:\Users\Nanio\Desktop\Organizar\TCC parte 2\Fotos carrinho 3\2016-02-29 15.01.26.jpg
649.648864746
320 240
3.24313888746 -1.48033301807 3.40038795125
4.91869464098 -0.233279630107 0.154999746074
0.219398628007 2.2591352975 0.585192186116
0.388314153393 0.086255401552 0.888167004582 0.230065189819
-0.683543982921 -0.0254562693148 0.729464479642
0.331894008325 0.879259656525 0.341685110655
-0.650086794183 0.475661883572 -0.592564146701
-0.530204909859
0 0 0

00000029.jpg
C:\Users\Nanio\Desktop\Organizar\TCC parte 2\Fotos carrinho 3\2016-02-29 15.00.00.jpg
615.160705566
320 240
-2.27400832626 -2.38216830669 4.18144417316
2.27203183594 0.116808338541 -4.81191708435
0.503648855583 0.00538440533166 -0.0209263364584
0.968401592705 0.249166380921 0.00266378603868 -0.0103527278251
0.99977081396 0.0213786817259 -5.55111512313e-017
-0.0187237107327 0.875617686101 -0.482641260384
-0.0103184585699 0.482531220145 0.875818078957
0.0156893315621
0 0 0

00000030.jpg
C:\Users\Nanio\Desktop\Organizar\TCC parte 2\Fotos carrinho 3\2016-02-29 15.02.35.jpg
664.223876953
320 240
2.4291546691 0.218355482322 0.712448956906
2.41549229262 -0.718610586504 0.324114313088
0.0467372143076 2.90897064761 1.18545561122
0.00119711551969 0.0155573580064 0.961468971935 0.391812612499
-0.999554250918 0.0266125958125 0.0135292177916
0.0284887756495 0.71478204896 0.69876595371
0.0089252600796 0.698840449529 -0.715222065699
-0.109180608712
0 0 0

00000031.jpg
C:\Users\Nanio\Desktop\Organizar\TCC parte 2\Fotos carrinho 3\2016-02-29 15.01.07.jpg
704.477783203
320 240
1.99685935368 -0.234163769983 1.12404680617
1.87310227999 -0.181550029479 1.32826525341
0.146045879992 -2.95313784032 -0.7310937677
0.0478476418267 0.047894048487 -0.968447223026 -0.239753701786
-0.990833249103 -0.069829885129 -0.115643282094
-0.115716482128 0.880443012628 0.459815560045
0.0697083813273 0.468982029156 -0.880452176212
0.147791731022
0 0 0

00000032.jpg
C:\Users\Nanio\Desktop\Organizar\TCC parte 2\Fotos carrinho 3\2016-02-29 15.00.06.jpg
660.454956055
320 240
-3.24730904126 -1.53485166301 3.65135385771
1.48296869463 0.0535404534 -4.90215296826
0.425783480777 -0.370590649552 -0.161709858003
0.957211286715 0.20984653469 -0.182644858498 -0.0796983792448
0.920578086102 0.0759216193539 -0.383108338898
-0.22923113323 0.899225034526 -0.372621856803
0.31621054116 0.430848029131 0.84521066903
0.0842046117689
0 0 0

00000033.jpg
C:\Users\Nanio\Desktop\Organizar\TCC parte 2\Fotos carrinho 3\2016-02-29 15.00.19.jpg
692.566772461
320 240
-3.33302347045 -1.57045797397 3.17590442728
0.683981216243 -0.115457964469 -4.81462285286
0.449759632033 -0.612675642981 -0.0967296707022
0.927516485088 0.219419737471 -0.2988999438 -0.0471905378774
0.816863722251 -0.0436290208541 -0.575178325466
-0.21870902814 0.899256033558 -0.378820349578
0.533760175598 0.435241345055 0.72502756463
0.249915778009
0 0 0

