# Bundle file v0.3
44 2521
634.84375 0 0
0.925193699041 0.304616207206 0.226336635689
0.0316343285384 0.532429427044 -0.845883897901
-0.378177702842 0.789764895481 0.482963058008
0.958616082404 -1.48667930279 1.48884082422
639.482421875 0 0
0.873950051653 0.348415561257 0.338844433078
0.166429822679 0.440493620562 -0.882193489193
-0.456629131841 0.827388191513 0.326983331702
1.93760913549 -2.02771271564 1.36487731015
625.679992676 0 0
0.789412649603 0.497684497014 0.359358314626
0.0487740306976 0.532702327279 -0.844896366965
-0.611922366337 0.684499360995 0.396247987602
7.46103355047 -1.85926792567 -1.17003994589
624.559204102 0 0
0.762914378988 0.434567203767 0.478655733852
0.180419819775 0.567852843009 -0.80311428931
-0.620813355155 0.699067284264 0.354818891365
7.30273411624 -0.828229787467 -3.3215055321
636.229553223 0 0
0.603428710447 0.706273095511 0.370206071456
0.167182595103 0.341886595353 -0.924749911259
-0.779693957093 0.619912651796 0.0882274670349
10.6643311223 -2.70932716495 -8.63322683726
638.774780273 0 0
0.729797590253 0.677077090454 0.0946726067237
0.0878543491653 0.0444499980295 -0.99514075478
-0.677995160672 0.734568054844 -0.0270444601758
7.36904886031 -10.2607757751 -7.64612668955
633.830688477 0 0
0.94766735477 0.305390257592 0.0930792630077
0.0792456209629 0.0574145384891 -0.99520046928
-0.30926877063 0.950495052587 0.0302089516521
-0.201252407134 -10.4315524633 -1.48953264097
630.380554199 0 0
0.92950092855 0.347149187696 0.124561741371
0.145209901883 -0.0340024166608 -0.988816926565
-0.339031383832 0.937192995931 -0.0820144949151
0.07241929954 -10.7968013369 -0.670869522976
645.230224609 0 0
0.947201404991 0.313238533239 0.0684904911389
0.0805476643576 -0.0256978931028 -0.996419483189
-0.310356892787 0.949326151588 -0.0495718354112
-1.24593054301 -10.7283674879 -5.52847971475
625.319946289 0 0
0.964453400448 0.260798163403 -0.0425874799564
0.101551446139 -0.514577070809 -0.851410290603
-0.243960411283 0.816819789075 -0.522769439526
-2.12462205285 -17.2633704628 -10.1971278241
628.407043457 0 0
0.981577665689 0.191066369117 0
0.0813245927711 -0.417794384583 -0.904894470271
-0.172894756595 0.888223996521 -0.425636435692
-3.48983676607 -16.6820843925 -9.55424094096
626.593444824 0 0
0.986177697494 0.156019913722 -0.055791410679
0.0640164251919 -0.669329057875 -0.740202553167
-0.152828994978 0.726399298886 -0.670065630343
-3.39098637211 -18.8173899014 -15.1399982457
628.572753906 0 0
0.869323445986 0.459698008452 -0.181533766001
0.0913956438381 -0.510481028367 -0.855019036718
-0.48571935725 0.72669621932 -0.485786866019
0.901935720545 -19.0303997332 -12.2563518201
633.448669434 0 0
0.999209881259 0.0246913270805 0.0311517280011
0.0391461529688 -0.475109432099 -0.87905578679
-0.00690445439217 0.879580638998 -0.475700800145
-4.90728260053 -17.3409764361 -10.3441291536
629.099121094 0 0
0.997773140499 0.0287916183297 0.060163610497
0.0609901435028 -0.0287418571964 -0.99772424085
-0.0269969733318 0.999171832711 -0.0304340874181
-4.53534494409 -10.8755126566 -2.14909224261
627.235656738 0 0
0.989461328524 0.0433137319748 0.138168948403
0.124752146397 0.229421038181 -0.965299631078
-0.0735098400734 0.972363168422 0.221600056517
-4.32860816738 -6.69156560918 -0.13861632961
626.138366699 0 0
0.97882379071 0.0852010810351 0.186133433852
0.129699842543 0.445351416093 -0.885911378481
-0.158375362608 0.891292919435 0.424869965458
-3.47664487208 -2.96725110848 1.77064484714
633.914428711 0 0
0.95661657894 -0.0488260506323 0.287230477506
0.255758518351 0.612915794798 -0.747610849935
-0.139545026815 0.788638272885 0.598812871061
-3.39226613894 0.524964034349 2.24311056394
626.026977539 0 0
0.999871968643 0.0099780254721 0.0125819572387
0.0160317774185 -0.664975516724 -0.746693430159
0.000916368933454 0.746798294803 -0.665049487266
-5.60571907148 -19.4745423151 -13.4734551372
624.637268066 0 0
0.970752955667 -0.198799300498 0.13459843533
0.232978524134 0.64472246676 -0.728048161631
0.0579567962845 0.738113610184 0.672182463527
-8.39351769602 1.7566364666 1.74629112896
618.186462402 0 0
0.971998099919 -0.183239628899 0.147118823713
0.225536238002 0.55164582377 -0.803007570379
0.0659851144464 0.813701887927 0.577525394105
-9.42494483913 -0.394178238971 -1.85519274401
612.098083496 0 0
0.984473986686 -0.174739245097 0.0166279603129
0.0976360876685 0.466418331299 -0.879160068764
0.145867874616 0.867133444307 0.476237426001
-9.03432337317 -0.0148430646596 0.506525871028
625.898010254 0 0
0.926526499612 -0.375326428412 0.0260655692378
0.125141289065 0.242103651152 -0.962146399898
0.354808747012 0.894715529714 0.27128446648
-10.1188585828 -6.99917066791 -1.75397991631
624.262207031 0 0
0.961958901669 -0.220805125172 0.160874527147
0.157014557298 -0.0350419297119 -0.986974788993
0.223566339649 0.974688636654 0.000960875116329
-8.81546341625 -11.7853462783 -1.6645981118
630.470825195 0 0
0.963379477981 -0.263017769665 -0.0521599263613
-0.0596720894475 -0.020648388521 -0.998004106628
0.261416122115 0.96456973085 -0.0355876939771
-10.5498400823 -10.0706627565 -3.76600249276
631.348937988 0 0
0.9669779951 -0.254220438616 0.018021729223
-0.143955773113 -0.603178628304 -0.784508165358
0.210307946517 0.756007846481 -0.61985743063
-10.5794469141 -17.2640092604 -11.9105021934
627.669189453 0 0
0.973301545293 -0.185648188156 0.134976689137
0.00146118071943 -0.583037267586 -0.812444483177
0.229525143498 0.790950263271 -0.567199827406
-7.79716488099 -18.2207847063 -12.7965614576
632.050354004 0 0
0.940925090984 -0.219330907984 0.257981737801
0.0740498488802 -0.610150546763 -0.788817150281
0.330419558962 0.761320940412 -0.55786409161
-6.22053188395 -19.4805684579 -16.4873217816
619.238952637 0 0
0.879157584324 0.210235803419 0.427647989864
0.123133359526 0.766719080185 -0.630063792459
-0.46034783724 0.606582809001 0.648180153673
1.44068649846 4.61447354329 -1.26125430029
627.010498047 0 0
0.639500125454 0.621478621187 -0.452552991894
0.0410754807475 -0.615434566267 -0.787116698093
-0.767692939022 0.484772412874 -0.419097736704
2.65308104844 -17.6726079324 -13.9915738227
628.326843262 0 0
0.921474001763 -0.386481049416 -0.0389665012099
0.173608836809 0.499503188213 -0.84873868795
0.347484691241 0.775325384376 0.527375405737
-9.84932061531 -1.5380433194 -2.48719458216
628.593566895 0 0
0.979378317815 0.118014233243 -0.163984791634
0.0262088153762 -0.879016035486 -0.476071655296
-0.200328264496 0.461956514198 -0.863982307532
-5.14822198152 -18.8857642194 -20.45059339
616.288146973 0 0
0.943592535326 0.211722220745 0.254570305727
0.219686893992 0.174908234034 -0.959762123314
-0.247729613608 0.961550833122 0.118529878855
-4.90064906235 -9.58291780667 -14.8936045683
637.60357666 0 0
0.920854395415 0.14306129236 0.362713363482
0.240474689143 0.523879320391 -0.817143888263
-0.30691940802 0.83969309309 0.448013655322
-4.4272919842 2.59165166561 -12.9681553426
641.782165527 0 0
0.933894947524 -0.314135609558 0.170763134674
0.0940305511495 -0.245001039842 -0.964952564208
0.34496301999 0.917220139374 -0.199267242429
-8.28817574578 -14.9882796104 -7.06236107143
637.340087891 0 0
0.96420816196 -0.233594388025 0.125442318763
0.206993375714 0.367504769824 -0.906693841495
0.165697717401 0.900207798414 0.402703656149
-17.3368206868 -2.99490136482 -13.4167985668
687.155822754 0 0
0.983971743934 0.0860635825047 -0.156181179711
-0.0816262095093 -0.561310970438 -0.823570185572
-0.158545384101 0.823117922897 -0.54528903036
-9.79386405038 -17.8754190908 -28.886662731
606.914245605 0 0
0.827385840072 0.558683788843 0.0574885393652
0.120229790912 -0.0762031203778 -0.989817370988
-0.548614271281 0.825872604082 -0.13021921217
5.42603872811 -11.8583555334 -4.76475149507
769.198242188 0 0
0.110781923742 0.672900921904 0.731390393621
0.244258875958 0.694913321632 -0.676338448025
-0.963361505939 0.253574621772 -0.0873784107528
18.0447182599 2.75959929532 -19.9694580665
3569.2878418 0 0
-0.0110716367626 0.391969619242 -0.919911826625
-0.999907526032 0.00294579842548 0.0132895214827
0.00791915216073 0.919973227858 0.391900614022
-5.95611016351 5.669680832 -139.510718474
616.514282227 0 0
0.94729055907 -0.0433204635847 -0.317433033774
-0.217982783033 -0.813264897717 -0.539521659511
-0.234784972236 0.580278802082 -0.779841444975
-15.922591554 -18.9775867359 -33.4630284014
652.909545898 0 0
0.837633483846 0.39873860611 -0.373332896431
-0.0123914031977 -0.669422100354 -0.742778532175
-0.546092143561 0.626802323564 -0.555789624269
-2.2683524132 -18.146540985 -14.0994352198
676.48638916 0 0
0.833417768986 0.340097591616 -0.435601240551
-0.0165495076407 -0.772501308796 -0.634797341583
-0.55239576448 0.536260353007 -0.63818770533
-4.57673493799 -19.1123122405 -18.1907705311
662.687194824 0 0
0.948944874956 -0.287797987437 0.129135645679
-0.124686645772 -0.718263708982 -0.684507079577
0.289753241197 0.633457995283 -0.717477227773
-16.5444233753 -21.7407532305 -35.2047589535
1.73901227537 -14.5930842402 -10.5491358324
51 53 53
22 1 165 -222.256774902 49.7304534912 2 299 -84.6682128906 -24.175201416 6 142 -155.967956543 -24.8072509766 0 164 -171.252487183 -10.6167602539 7 142 -210.012359619 16.6464080811 9 177 -139.658218384 -21.9432678223 10 166 -156.658218384 -31.1446228027 11 188 -110.967330933 -37.0949707031 12 276 -80.475402832 -81.5825805664 14 224 -147.223480225 4.67658996582 18 222 -149.120666504 -66.1761169434 16 303 -195.595336914 3.65434265137 19 184 -203.417068481 17.1414489746 20 130 -207.183929443 12.5273132324 21 129 -178.657241821 94.7509460449 22 210 -121.607910156 -6.59425354004 23 126 -225.869415283 -24.6390686035 15 137 -175.342697144 16.3573608398 24 119 -166.133743286 23.7891693115 25 153 -211.952163696 -16.5073242188 30 266 -73.5538024902 14.0639190674 34 156 -141.168777466 -38.4375915527
10.6970796015 -13.4490797938 -12.279782033
147 109 117
2 0 3 132.252227783 69.1870422363 1 3 83.4642028809 159.48298645
5.13660589383 -13.9744227968 -12.525346356
42 40 42
2 0 7 -50.3250427246 65.7161407471 1 5 -102.896957397 143.466445923
8.183038541 -15.5314126353 -6.55460764532
73 72 76
5 7 18 53.2821960449 -96.8458557129 8 21 33.7949523926 -89.9965209961 14 13 100.034881592 -122.235229492 23 12 58.634552002 -142.351776123 24 7 68.2974853516 -140.967712402
5.82060681207 -13.7696830905 -7.67521763407
181 151 156
11 0 11 17.2545471191 -87.3931884766 1 9 -14.0206298828 -13.2737884521 2 16 88.8232421875 -89.4609680176 3 16 67.4807434082 -48.4162902832 4 17 45.7781677246 17.0811157227 15 23 -9.5830078125 -67.3996887207 16 11 -14.5195617676 -64.5987243652 17 19 30.5115661621 -31.0317382813 5 34 45.6874389648 -82.3182983398 37 42 69.0926818848 -85.5139465332 14 31 13.1142578125 -96.1419067383
10.6234515426 -13.9726742191 -7.46026413128
116 105 109
5 0 12 178.956420898 -84.7827758789 1 10 140.388153076 5.51956176758 21 11 167.402740479 47.2464294434 20 8 88.4884338379 10.7934112549 28 26 146.18536377 -1.20106506348
9.44024499902 -13.227547623 -8.25866986472
161 112 127
3 0 13 145.258483887 -47.7756652832 1 11 107.884246826 38.6713256836 28 24 111.534942627 27.203918457
10.8297050823 -12.3363818332 -10.2786901307
150 131 137
3 0 18 179.764465332 36.7666168213 1 16 134.516357422 127.77519989 2 24 189.804656982 22.1735992432
6.70100847236 -13.1727616486 -10.1920602554
177 123 136
2 0 19 32.2745056152 12.530090332 1 12 -9.78375244141 91.7728271484
9.45740224497 -15.9250743568 -5.86632624877
169 163 163
6 0 20 128.348999023 -169.603271484 1 26 94.0596618652 -80.4755859375 2 39 150.869598389 -152.118408203 20 9 63.1215515137 -79.9472351074 21 10 123.150604248 -59.3729248047 28 29 127.459625244 -89.4734191895
5.81186278825 -13.1730073997 -12.0933836308
51 48 52
5 0 21 -16.7367248535 70.8616027832 1 15 -66.5679168701 151.428955078 2 25 40.8971557617 52.9117736816 3 18 8.18270874023 74.6055603027 4 12 9.35067749023 143.191070557
9.61144485026 -14.1314926163 -7.45488397249
169 148 152
2 0 22 145.153930664 -89.649810791 1 28 107.35824585 -3.32144165039
3.63890378198 -14.9960696243 -10.5045363765
45 35 36
28 0 23 -99.5277404785 -17.9384765625 1 20 -146.06211853 50.3082580566 6 27 -85.8293609619 -20.2625732422 7 17 -128.745285034 25.9193115234 8 29 -102.554840088 13.6005401611 9 24 -73.7374572754 -8.86778259277 10 28 -92.8307800293 -21.0234985352 11 33 -50.6918334961 -25.7092895508 12 34 -28.9725036621 -63.8620300293 13 22 -67.9782409668 -30.0846862793 14 26 -72.660949707 9.3999786377 15 26 -102.642333984 16.5743713379 16 24 -117.184234619 4.59619140625 17 31 -83.585067749 4.65016174316 18 29 -78.3906555176 -58.0124511719 20 24 -146.15385437 17.2450561523 19 30 -123.382873535 24.8023529053 21 22 -108.557327271 92.4512329102 32 67 -143.280578613 -26.6226196289 33 55 -141.937713623 85.1659393311 35 78 -240.398620605 36.0687408447 36 79 -111.920471191 -21.5420227051 3 35 -45.7610168457 -8.69235229492 5 37 -34.3630371094 -3.14192199707 37 23 -19.316619873 5.58581542969 40 207 -151.583770752 -33.4874267578 41 36 -42.2225646973 -11.2756652832 43 101 -183.948394775 -76.2030029297
2.79119896967 -14.5147774007 -8.63985088941
112 43 47
19 0 25 -118.941604614 -76.7848815918 1 22 -157.101455688 -14.9518127441 7 28 -150.486785889 -60.4212341309 8 33 -122.293991089 -48.8179016113 10 35 -115.326171875 -84.0207824707 13 28 -91.0596313477 -90.3911743164 14 33 -102.151519775 -63.6471862793 15 36 -130.794204712 -51.7932739258 16 28 -147.129730225 -57.6387634277 17 28 -107.828918457 -47.0862426758 18 25 -103.340209961 -106.974212646 19 39 -170.268981934 -27.3818664551 21 28 -151.116592407 41.4655303955 22 37 -88.2313079834 -73.6147766113 23 30 -176.486221313 -95.6343994141 24 34 -135.988937378 -51.5694885254 30 27 -47.2080993652 -33.7235412598 34 31 -95.216217041 -105.103118896 37 20 -29.0419311523 -67.0561828613
3.62842200945 -15.0459940912 -11.8379806541
35 37 43
22 0 26 -107.84727478 23.0386352539 1 24 -159.176239014 92.3810882568 6 21 -90.2785339355 27.6437835693 7 14 -136.534439087 80.8936004639 8 24 -105.874069214 55.7738800049 9 19 -74.3022003174 33.9380950928 10 25 -95.8315124512 21.208480835 11 27 -50.6654968262 8.40103149414 12 21 -24.436126709 -29.055847168 13 15 -70.7726287842 12.3504486084 14 19 -74.8428955078 60.0927429199 15 27 -106.203125 59.074508667 16 27 -122.725540161 48.0338287354 17 32 -93.5860900879 39.8369445801 18 27 -84.3007659912 -20.4408874512 25 27 -146.051101685 23.9876708984 26 24 -113.625671387 5.29335021973 27 32 -81.1248779297 -22.056640625 32 64 -149.026184082 -0.874404907227 33 66 -149.684738159 104.776489258 35 71 -238.196746826 59.8200836182 36 72 -109.633285522 1.15850830078
11.3297421818 -12.5830258772 -8.28932824995
132 120 120
5 0 28 216.55291748 -29.4599304199 1 27 174.483978271 61.9791107178 2 22 224.428527832 -30.9234008789 4 23 137.240234375 61.7774200439 28 42 165.944458008 47.655456543
3.49303154861 -14.8038142102 -9.11180088876
63 41 41
15 0 31 -93.8265228271 -62.700958252 1 25 -132.654953003 4.3133392334 6 31 -85.5895690918 -72.421661377 7 26 -125.307220459 -33.0286560059 8 37 -101.88394165 -30.0400695801 10 37 -94.3985748291 -64.3808898926 13 36 -68.319229126 -72.5159301758 14 32 -75.128616333 -42.434173584 15 30 -103.205337524 -31.6378479004 21 32 -121.264266968 53.1696472168 32 75 -140.417678833 -52.8097839355 33 58 -137.764877319 65.2036895752 35 80 -246.478927612 11.2287445068 36 92 -117.083099365 -43.6860656738 43 105 -178.639312744 -92.4624023438
11.4077450642 -12.3027330215 -7.64568560105
170 168 170
4 0 33 236.137573242 -47.3434143066 1 38 193.756347656 46.0410461426 7 46 221.409667969 -46.9956665039 28 40 184.76940918 46.6803283691
4.24802017562 -14.9906201863 -10.0884251738
121 91 92
10 0 34 -74.8324890137 -30.3647155762 1 30 -118.453781128 37.9766387939 3 91 -27.0128479004 -14.7606658936 2 65 -12.5919799805 -36.5119934082 7 37 -99.8051147461 11.5635528564 8 42 -81.4387969971 1.740234375 9 44 -50.8417053223 -19.0409240723 11 52 -29.6884765625 -32.9166564941 13 43 -43.4080505371 -40.6362609863 10 49 -69.6342468262 -32.1477966309
4.9763076552 -15.0030267884 -8.80093265781
79 48 52
3 0 35 -38.0465698242 -71.7906494141 1 39 -75.5250854492 -2.11924743652 28 59 -38.0693664551 -24.6892700195
4.92461397345 -14.8443706146 -8.72854886666
79 48 52
2 0 36 -38.0465698242 -71.7906494141 1 40 -75.5250854492 -2.11924743652
8.66877973074 -15.6836456761 -6.22084998231
64 60 62
5 0 37 103.320373535 -158.515319824 1 49 70.2606506348 -72.3837280273 2 51 135.643707275 -144.033477783 3 64 117.51071167 -91.5586242676 4 58 62.3584289551 -21.4289245605
10.6097108871 -13.3500023841 -7.91287870065
165 149 154
9 0 39 185.06741333 -59.3698730469 1 50 144.815948486 31.095916748 2 52 199.604797363 -55.9023742676 4 68 115.608337402 43.1623840332 21 29 164.186340332 79.083770752 28 46 147.813903809 23.0095214844 20 27 80.8050537109 35.3468933105 30 23 255.275085449 17.0246276855 22 29 235.58984375 -63.8917236328
4.46566872209 -15.1491474275 -11.7769618652
93 67 69
17 0 41 -77.5560455322 20.626083374 1 45 -128.509979248 92.4701690674 8 46 -80.051651001 54.9558410645 6 37 -60.611907959 27.8247833252 7 39 -102.234802246 82.2082672119 9 38 -44.3969421387 36.4907684326 10 47 -66.5017547607 23.3988037109 13 45 -41.2164306641 14.5493621826 14 52 -45.1624145508 58.2616577148 15 49 -77.3311920166 62.7489318848 18 51 -51.703338623 -18.1973571777 32 94 -132.785461426 1.35963439941 35 110 -222.160140991 61.8438262939 5 62 -22.8449707031 33.9905090332 37 53 -1.73397827148 48.7512969971 12 43 -2.1376953125 -28.1968688965 41 82 -8.48348999023 20.192565918
4.82321084927 -15.1895208993 -11.2500428794
74 40 39
5 0 43 -62.5605163574 3.44311523438 1 51 -110.503494263 75.1413726807 6 41 -46.9461669922 9.28616333008 7 42 -85.8549041748 62.8017578125 8 50 -67.7591247559 38.8427581787
10.9270208412 -14.710229 -6.1105769367
173 171 169
5 0 45 191.087890625 -140.212219238 1 55 153.669799805 -46.8460083008 2 48 202.47833252 -121.825042725 6 50 170.260070801 -144.014801025 28 64 171.884857178 -48.1702880859
9.07649976679 -15.6937789531 -6.78724274987
104 91 94
3 0 49 109.436981201 -137.566040039 1 61 74.4314880371 -51.7005004883 17 51 168.481170654 -69.0234680176
4.84794207577 -15.1028565049 -8.92278059411
72 42 45
5 1 520 -82.5879516602 -0.573120117188 14 400 -24.5953369141 -45.8489685059 16 477 -64.7996520996 -45.1375427246 17 374 -24.4514770508 -32.4049987793 18 656 -33.217590332 -89.0848388672
10.439052414 -16.6782275732 -5.56656657631
81 86 99
7 0 56 148.527954102 -184.122558594 1 86 113.326934814 -91.9262084961 2 98 158.290252686 -163.992889404 4 175 70.3345031738 -36.2259521484 16 54 159.082794189 -148.863189697 28 48 149.056915283 -106.092559814 21 34 162.502685547 -75.2978515625
7.7443414097 -13.7070921278 -7.45636859659
183 161 166
2 0 57 90.5653381348 -89.1135864258 1 72 56.1430664063 -8.17039489746
9.23575570372 -13.6076271569 -8.05398977408
148 99 113
5 0 61 132.798614502 -62.6763916016 1 62 96.1700439453 24.0202789307 6 78 132.783569336 -89.8056335449 7 86 118.00769043 -41.333984375 8 106 82.949432373 -48.7348022461
4.85159230194 -15.2556506132 -10.737822226
73 38 40
2 0 62 -58.9609069824 -13.590713501 1 64 -104.420669556 57.8219299316
4.85853007433 -15.2728345473 -10.7475740588
73 38 40
5 0 63 -58.9609069824 -13.590713501 1 65 -104.420669556 57.8219299316 6 61 -44.8404846191 -7.99160766602 7 61 -82.1647186279 42.2725830078 8 74 -66.4161071777 23.3369598389
4.70343904957 -15.1676040552 -9.14706245566
74 39 41
11 0 66 -52.692779541 -63.6831054688 1 71 -91.0235290527 5.21353149414 6 55 -44.2688598633 -66.0596313477 9 62 -38.2071533203 -38.4867553711 10 63 -56.0541687012 -51.7847595215 28 102 -51.0983276367 -20.7579650879 2 106 13.1834716797 -71.7264709473 32 162 -116.500595093 -47.009185791 36 159 -93.2212219238 -40.4869995117 35 126 -220.397201538 16.6565551758 40 330 -134.300018311 -46.1744689941
7.46485771248 -12.4497734464 -8.5653274684
61 53 59
15 0 69 89.4324035645 -26.0249938965 1 74 52.0973510742 54.7802886963 6 69 91.0367431641 -80.9410095215 7 76 72.2077941895 -36.2432861328 8 91 45.4055480957 -42.2700195313 14 68 87.4622192383 -65.4872436523 15 75 56.8558959961 -15.3861999512 16 68 51.2658996582 0.520538330078 20 63 -42.8938598633 48.4832000732 21 61 16.1379089355 112.448226929 22 57 61.8743286133 -41.6566772461 23 47 -13.8642578125 -87.8730773926 24 49 16.6421813965 -79.4212036133 28 98 60.3466796875 48.3902893066 30 60 97.3027648926 35.73777771
4.07465941411 -15.056273485 -10.0589832407
87 53 55
2 7 852 -107.654968262 10.5562744141 24 489 -79.9954681396 1.18031311035
10.1056340112 -12.944223153 -12.1540751457
130 57 70
2 0 71 124.49319458 76.5406036377 1 73 76.302734375 166.586990356
5.26366410993 -13.1738327463 -10.0483894339
206 141 156
2 0 74 -18.6660766602 6.40029907227 1 54 -61.0334472656 80.4796905518
9.74397888579 -13.541597299 -12.1229787063
60 53 56
2 0 76 104.87387085 62.7613983154 1 66 57.2114868164 151.834747314
4.70672165853 -13.7991956665 -9.55601504211
79 46 48
2 6 603 -32.816619873 -51.4606628418 24 466 -76.7606201172 -22.0288391113
10.0461337823 -16.126447937 -5.81637257485
164 161 161
7 0 80 143.592987061 -170.404174805 1 90 107.612487793 -79.9090881348 16 106 148.155609131 -138.774230957 20 52 86.4428710938 -82.1776123047 21 56 149.865966797 -60.1720581055 28 47 137.513641357 -89.8684692383 30 31 251.228271484 -128.399383545
10.0854201756 -16.0108952594 -6.58602060007
122 113 114
11 0 81 136.467102051 -144.774291992 1 92 100.105773926 -55.3570251465 2 111 151.235992432 -130.272033691 3 257 131.701049805 -76.541809082 16 80 141.243377686 -110.053436279 15 71 141.832275391 -98.71484375 17 107 206.704406738 -74.1058654785 20 67 81.2276611328 -53.677520752 21 59 147.066558838 -25.4810791016 22 51 222.148010254 -145.459228516 30 62 250.288452148 -91.1527709961
5.11846488281 -15.6595659692 -12.0490822723
75 40 42
2 0 82 -61.5711975098 17.8481292725 1 81 -111.781951904 91.6358947754
1.10128124242 -14.4547652174 -10.4591838062
54 54 54
16 1 143 -249.858596802 43.7065429688 2 220 -102.68737793 -27.223449707 0 205 -197.540588379 -11.7704315186 7 126 -239.208465576 9.2928314209 8 165 -185.4871521 4.94633483887 9 247 -162.883117676 -28.6190490723 10 243 -179.055709839 -36.5190429688 11 278 -132.246047974 -43.3679504395 14 149 -172.966567993 0.0436706542969 18 203 -172.154083252 -74.5858154297 19 314 -230.537216187 12.4904937744 21 163 -203.211425781 92.6229553223 24 153 -189.292190552 24.2593688965 25 175 -235.908081055 -19.2968139648 26 143 -190.61239624 -45.6017150879 34 135 -164.157394409 -47.0059204102
3.30496800531 -14.6552116275 -8.4050261576
110 43 46
29 0 84 -97.5957641602 -85.3655700684 1 83 -134.248809814 -21.7785949707 6 76 -89.2003631592 -100.553131104 7 72 -127.424591064 -63.716796875 8 89 -105.126525879 -53.7971496582 9 88 -81.0538635254 -75.0813293457 10 88 -97.4141845703 -86.4329833984 11 108 -58.216796875 -77.7127685547 12 108 -44.4538574219 -125.068023682 13 132 -71.7060699463 -95.1394958496 14 92 -82.7849121094 -70.3820800781 15 101 -110.273483276 -58.2713012695 16 130 -124.502182007 -66.5879516602 17 127 -81.5153808594 -56.0057678223 18 184 -86.0816040039 -114.128845215 19 166 -143.009231567 -34.0959777832 20 91 -158.653579712 -32.7149658203 21 91 -129.678192139 33.5403289795 23 58 -154.424240112 -100.81729126 24 64 -116.265319824 -59.4760742188 25 95 -141.072128296 -85.3866271973 26 96 -99.38230896 -94.886505127 30 90 -30.9067382813 -41.2402954102 32 213 -140.843948364 -67.6820678711 33 230 -138.2315979 53.0910491943 34 86 -74.2625579834 -109.496337891 36 239 -119.962585449 -55.5364990234 35 246 -250.799285889 -3.14250183105 40 631 -161.809570313 -54.3411865234
5.24462328721 -15.3597790622 -10.1025776579
130 101 102
2 0 86 -41.9572143555 -34.6841430664 1 82 -84.4798278809 37.3274993896
4.44135752394 -15.1753409033 -10.8502444752
127 99 101
19 0 87 -72.9550170898 -9.2218170166 1 88 -119.539840698 60.7824859619 8 87 -78.5591125488 26.3091430664 9 80 -46.6220092773 8.40670776367 10 86 -67.1652984619 -4.72294616699 11 85 -25.1366577148 -11.391418457 13 84 -40.3592224121 -14.6244812012 14 102 -44.1004943848 24.5832366943 15 96 -74.703994751 30.9929656982 16 100 -89.6048736572 16.9392700195 17 103 -56.1946105957 16.6488037109 18 96 -51.7227783203 -43.7974853516 32 230 -129.027740479 -15.7517089844 33 194 -127.884674072 91.1617736816 35 154 -223.651901245 45.0382385254 36 187 -95.5021362305 -15.0463256836 41 153 -17.5702514648 1.76460266113 42 268 -41.196472168 -18.1626281738 43 222 -172.176330566 -74.420715332
4.441001549 -15.1776876893 -10.8499967924
127 99 101
17 0 88 -72.9550170898 -9.2218170166 1 89 -119.539840698 60.7824859619 8 86 -78.5591125488 26.3091430664 9 81 -46.6220092773 8.40670776367 10 85 -67.1652984619 -4.72294616699 11 86 -25.1366577148 -11.391418457 13 85 -40.3592224121 -14.6244812012 14 101 -44.1004943848 24.5832366943 15 95 -74.703994751 30.9929656982 16 99 -89.6048736572 16.9392700195 17 104 -56.1946105957 16.6488037109 18 97 -51.7227783203 -43.7974853516 36 186 -95.5021362305 -15.0463256836 35 153 -223.651901245 45.0382385254 40 463 -134.273864746 -31.4461364746 41 152 -17.5702514648 1.76460266113 42 269 -41.196472168 -18.1626281738
3.3934306587 -14.8904535546 -9.76119835654
97 50 50
23 0 89 -101.005706787 -43.4195861816 1 68 -145.687454224 23.0680236816 17 91 -88.1013031006 -17.3797607422 19 87 -136.89642334 3.00045776367 7 45 -135.265380859 -6.33424377441 10 64 -98.3495941162 -44.5658874512 8 65 -108.223327637 -11.415725708 11 78 -56.2202453613 -43.8562011719 13 63 -74.074005127 -52.9065551758 18 92 -85.552734375 -76.5006408691 21 77 -119.534210205 72.1127319336 22 74 -62.967590332 -30.2844238281 23 45 -156.465103149 -44.2961730957 24 43 -107.550674438 -7.37275695801 25 68 -141.898910522 -43.0151062012 26 67 -104.841842651 -54.8226928711 30 82 -20.9387512207 -2.17897033691 32 105 -145.312606812 -40.6581115723 33 180 -142.728591919 74.1928253174 35 143 -246.012451172 23.3991851807 36 171 -116.848587036 -32.5910949707 40 361 -155.901580811 -40.6129455566 43 351 -185.471481323 -85.3181762695
10.380640223 -12.8114299657 -10.8938568145
107 84 90
3 0 96 149.525817871 43.9339752197 1 106 103.870483398 134.249450684 2 104 162.628051758 30.4610595703
10.6815883963 -14.1535244335 -8.01233275356
108 87 94
2 0 100 169.997467041 -68.8409118652 1 116 129.98324585 21.005355835
10.6815883963 -14.1535244335 -8.01233275356
108 87 94
2 0 101 169.997467041 -68.8409118652 1 117 129.98324585 21.005355835
10.7045315888 -16.8041884748 -7.6808953896
112 102 102
2 0 103 130.03225708 -116.881774902 1 125 90.9519348145 -27.9277648926
7.63559838699 -12.4272331966 -10.832495402
62 52 55
2 0 105 68.841583252 50.0893707275 1 101 24.5444030762 133.451629639
10.3748586797 -13.8672272825 -12.7938639034
149 137 136
2 0 107 111.249450684 73.5241088867 1 95 61.9591369629 164.246429443
10.673144186 -12.4598979078 -3.68854638982
166 156 148
2 0 109 277.580688477 -208.325592041 1 152 241.096923828 -105.932342529
7.70884178378 -12.856776248 -7.75070889963
42 33 37
3 15 615 70.2488708496 -50.2934875488 30 374 114.582366943 -2.50120544434 21 243 31.1291503906 72.5360717773
10.1228674635 -13.0099063441 -11.7444534415
141 128 129
2 0 111 128.505401611 63.8783874512 1 108 81.3134765625 153.427719116
9.82682401011 -12.6684646463 -11.4899133502
141 128 129
7 0 112 128.505401611 63.8783874512 1 107 81.3134765625 153.427719116 2 107 146.333770752 48.1175384521 3 136 106.253051758 83.7370910645 4 75 86.0496520996 132.20211792 5 72 133.148620605 40.3563079834 29 46 171.599304199 -11.7211456299
2.30870925328 -14.2120199777 -6.63465004765
133 117 120
2 0 119 -125.684371948 -154.720703125 1 174 -152.280517578 -96.2530212402
10.9250827212 -11.9881993546 -4.10944126339
163 151 141
7 0 120 291.819641113 -181.931243896 1 157 253.624145508 -80.5758361816 4 145 185.342193604 -30.0737609863 5 225 183.478851318 -154.062072754 2 138 303.472595215 -148.433685303 29 176 95.7887878418 -156.652130127 38 129 188.864685059 -2.87034606934
10.0418319546 -13.313509363 -8.92218085689
167 145 151
2 0 123 154.614105225 -26.3295898438 1 146 113.749359131 61.5157928467
9.86103901852 -13.0999885551 -8.81422957223
167 145 151
3 0 124 154.614105225 -26.3295898438 1 147 113.749359131 61.5157928467 28 157 113.9375 42.5900726318
11.0260067974 -12.4621744927 -5.46415132981
172 158 149
3 0 141 256.208679199 -131.879669189 1 199 218.073547363 -35.2134399414 2 169 267.492492676 -111.345275879
11.6009702898 -12.2357841163 -8.98326207118
136 118 114
5 0 144 223.162536621 -1.48413085938 1 200 178.590545654 91.972946167 6 168 231.763183594 -47.6386413574 7 151 224.962463379 7.78746032715 28 139 163.621734619 72.5327148438
0.331460841303 -13.7064974426 -7.77206929015
54 56 57
21 0 145 -224.393859863 -106.160064697 1 145 -262.028869629 -59.5714111328 7 136 -258.618530273 -125.736755371 6 161 -204.575775146 -147.783081055 5 397 -86.329284668 -113.11050415 8 208 -204.429046631 -91.6184997559 9 219 -181.935806274 -127.69317627 2 296 -84.7478942871 -116.719696045 10 227 -196.898834229 -132.799041748 11 220 -150.519561768 -121.533111572 12 271 -124.757659912 -179.99822998 15 219 -234.559387207 -94.7091369629 16 223 -261.4425354 -97.1610412598 19 200 -293.72064209 -59.608001709 20 153 -272.796661377 -57.4847412109 21 141 -262.006652832 18.2418060303 23 148 -279.882995605 -149.058776855 24 148 -235.699432373 -77.6637268066 25 200 -250.684967041 -106.848632813 26 197 -196.954147339 -128.929290771 37 440 -95.0458526611 -122.357849121
1.61726692485 -14.3448630155 -9.09400379249
55 54 55
6 0 146 -169.976135254 -58.6676635742 1 141 -212.440322876 -2.54231262207 21 122 -194.123657227 54.9136047363 25 162 -208.259017944 -64.1250915527 26 136 -162.128799438 -83.5241088867 28 304 -150.252059937 -16.9885253906
1.617236367 -14.343926272 -9.09835491157
55 54 55
22 0 147 -169.976135254 -58.6676635742 1 142 -212.440322876 -2.54231262207 7 111 -205.482650757 -48.9727172852 6 115 -155.505264282 -82.8217773438 8 143 -163.093780518 -38.1701660156 9 181 -139.96156311 -69.9752807617 10 169 -156.086990356 -78.2846679688 11 213 -112.278167725 -75.4234008789 13 156 -134.086639404 -84.3052062988 15 205 -178.828155518 -40.199005127 16 183 -198.701660156 -44.2420349121 17 162 -160.752502441 -44.1306762695 18 166 -146.640380859 -106.35357666 20 113 -216.971282959 -21.0263977051 21 123 -194.123657227 54.9136047363 22 140 -132.246932983 -57.790435791 24 113 -177.447235107 -30.1285705566 25 163 -208.259017944 -64.1250915527 26 137 -162.128799438 -83.5241088867 28 303 -150.252059937 -16.9885253906 30 235 -86.6793670654 -24.0323181152 37 174 -65.4231719971 -58.4686889648
10.9062005015 -12.512972385 -4.60349956371
164 153 144
13 0 148 266.58996582 -168.210388184 1 217 229.129516602 -69.5086364746 5 265 170.241699219 -139.761383057 6 188 219.938720703 -213.224365234 7 205 211.282165527 -168.798583984 10 311 147.430450439 -195.98727417 9 328 161.665130615 -175.476226807 2 145 279.335510254 -139.695526123 4 146 168.834838867 -22.8112487793 12 353 140.468505859 -198.307922363 11 357 156.055908203 -174.222045898 29 163 93.1943359375 -139.915649414 38 182 172.027526855 -3.62889099121
11.2574841572 -14.0641474438 -7.80290756912
117 101 100
2 0 150 191.598602295 -72.3125915527 1 238 150.441192627 18.7414093018
1.05258477479 -14.3818345386 -10.0647294073
62 64 64
15 0 152 -198.3152771 -24.6617126465 1 126 -248.351837158 31.4767608643 3 317 -105.001968384 -26.0283203125 7 91 -239.111602783 -9.75631713867 8 152 -185.84664917 -7.61763000488 9 111 -163.805267334 -44.2411193848 10 118 -179.58102417 -51.4166259766 12 177 -101.843490601 -103.226501465 13 123 -157.975830078 -56.857421875 15 147 -203.318161011 -6.84364318848 16 226 -224.2472229 -14.1525115967 22 146 -147.035751343 -22.7067260742 23 100 -251.848144531 -46.9727783203 25 141 -235.503494263 -32.1581420898 28 290 -180.109359741 2.43589782715
10.5565749755 -13.6317954224 -3.76631943161
172 158 149
3 0 153 240.420532227 -219.241149902 1 207 205.411193848 -118.42791748 28 166 229.245544434 -79.3961486816
11.1508815431 -11.3599144201 -5.3970108218
167 155 145
5 0 155 292.036499023 -115.792785645 1 193 252.926940918 -18.0762939453 5 264 199.262573242 -120.413909912 4 121 188.782592773 6.93196105957 38 216 177.625518799 28.5065460205
11.0607452222 -11.2807362278 -5.37447055067
167 155 145
2 0 156 292.036499023 -115.792785645 1 192 252.926940918 -18.0762939453
11.2693510124 -11.3000586477 -6.27652157175
167 155 149
3 0 162 280.854431152 -78.9760742188 1 206 240.674865723 17.21824646 3 280 243.793029785 -5.49580383301
10.2058165306 -12.1117065426 -11.2581810339
125 61 76
6 0 165 152.566253662 69.6878967285 1 175 105.854187012 160.954193115 2 256 168.212554932 52.5902252197 15 239 152.48727417 110.723449707 23 118 103.926269531 75.363571167 24 97 155.927062988 40.6905517578
10.1909740403 -12.1040687249 -11.2508805841
125 61 76
20 0 166 152.566253662 69.6878967285 1 176 105.854187012 160.954193115 2 257 168.212554932 52.5902252197 3 311 125.320129395 90.063079834 4 213 103.907623291 133.520080566 5 224 152.795562744 35.9470977783 6 181 181.135009766 34.1112823486 7 175 170.698303223 96.2737579346 8 271 126.197967529 53.0972137451 9 201 188.353240967 -15.8763275146 10 208 152.550079346 -22.7612609863 11 185 188.338592529 -60.287902832 12 206 190.66607666 -70.3147888184 13 172 187.31350708 -53.2350158691 14 172 202.762451172 57.0085144043 15 238 152.48727417 110.723449707 24 98 155.927062988 40.6905517578 29 142 184.130737305 -25.9568481445 41 298 175.298187256 -56.0057067871 42 310 139.011932373 -82.2912902832
6.57871597561 -12.4126874023 -11.148552783
201 135 151
2 0 170 28.9175415039 60.2969055176 1 123 -16.9543762207 141.366241455
10.8725775147 -13.5331554424 -5.53500852506
167 153 148
3 0 179 223.733520508 -145.343078613 1 249 186.475524902 -49.9842224121 28 254 198.347229004 -31.9508056641
11.1231401411 -11.8419354532 -5.8620503602
167 155 145
2 0 183 268.784912109 -105.500335693 1 240 229.635620117 -9.24607849121
10.8665782027 -15.8990567312 -6.66695831689
112 105 105
3 0 191 160.735290527 -137.342987061 1 216 122.773223877 -45.4370727539 3 159 145.436981201 -66.5753479004
9.98616366391 -16.2876156201 -7.4631657876
74 65 68
2 0 194 120.126373291 -119.268829346 1 214 82.2438659668 -32.165435791
9.90193953529 -12.5974992244 -11.1637352194
128 60 73
21 0 203 135.680084229 56.7345733643 1 234 89.1618041992 146.124237061 2 189 153.465301514 41.5144042969 3 310 113.522155762 78.3969573975 4 115 91.1123962402 125.386764526 5 189 136.95324707 31.7902679443 6 149 161.202972412 27.7633666992 7 146 148.192474365 88.8463287354 8 168 110.96307373 48.5885467529 9 222 168.330718994 -9.7028503418 10 251 134.416809082 -17.6076965332 12 221 173.18762207 -65.124420166 13 257 168.745697021 -44.234954834 14 155 184.591217041 52.3908691406 15 174 137.406555176 98.0039215088 16 243 122.611541748 103.839141846 23 98 91.110748291 64.154586792 29 94 169.481201172 -20.3122558594 37 254 189.398651123 42.7462005615 41 286 158.97869873 -47.6445007324 42 378 124.647247314 -72.3337402344
2.02500604163 -14.4662383252 -6.63917861534
96 74 81
8 0 207 -140.65032959 -160.162536621 1 250 -167.568222046 -103.312988281 3 275 -22.2990722656 -123.015380859 2 153 -21.1712646484 -161.408203125 16 349 -173.743164063 -142.824188232 15 702 -152.626556396 -131.97479248 21 152 -190.559768677 -29.3012084961 28 123 -107.950393677 -83.505859375
9.91364049015 -12.4083910407 -12.3960360627
143 74 88
3 0 208 124.843841553 94.4839019775 1 215 75.6575317383 186.517242432 3 149 98.1390075684 107.482086182
10.5453194142 -14.162355683 -4.24109690277
175 162 151
4 0 209 219.244140625 -205.42791748 1 263 184.641021729 -107.534790039 4 208 133.387023926 -45.3138427734 5 321 129.09197998 -145.973236084
2.54264961629 -14.5351789024 -6.53356984226
98 73 80
2 0 210 -116.710739136 -162.725524902 1 265 -142.796813965 -102.733428955
7.35734185459 -13.1582885658 -12.080174343
85 65 65
7 9 553 78.5265808105 20.4774780273 11 561 88.0767822266 -20.9785766602 13 552 67.8510437012 -7.73922729492 25 343 -16.1820373535 -44.3688354492 10 678 44.0665588379 12.6208343506 27 446 16.5657958984 -50.5347290039 31 596 88.7834777832 -49.0469665527
1.39163366292 -14.4144109958 -6.70571680245
93 76 84
3 0 232 -169.266891479 -159.865875244 1 309 -198.14024353 -106.69140625 28 121 -133.661560059 -84.1288452148
10.3916519447 -15.2792903057 -4.30715179569
181 168 160
4 0 256 188.686401367 -215.626342773 1 346 155.7081604 -119.073608398 4 278 108.578430176 -52.7124938965 2 230 206.028625488 -184.821502686
11.0227688486 -12.9660476872 -5.90761790417
169 156 150
2 0 259 236.249755859 -122.046295166 1 327 197.497619629 -27.5020751953
2.30998745275 -14.6453275151 -6.59653553233
98 76 82
3 0 263 -128.22958374 -162.957733154 1 343 -154.763137817 -104.288269043 16 416 -159.812774658 -144.673553467
2.29100390411 -14.5725830909 -6.57300824878
98 76 82
6 0 264 -128.22958374 -162.957733154 1 344 -154.763137817 -104.288269043 20 147 -196.263076782 -93.8508605957 16 415 -159.812774658 -144.673553467 21 159 -178.535217285 -33.2369995117 28 147 -97.6434173584 -86.4660339355
10.7209916974 -14.1194323733 -5.12423421403
171 157 150
5 0 267 212.230529785 -169.292266846 1 321 175.923736572 -74.0599365234 4 265 127.450897217 -24.3970336914 5 410 130.791412354 -123.019927979 2 268 226.440551758 -144.984191895
11.4143179328 -11.7979591172 -7.61614648086
169 154 151
3 0 268 248.73449707 -38.8612365723 1 278 206.963562012 55.4743041992 28 365 190.714080811 58.9736480713
10.743775493 -14.6954562279 -5.62156475412
169 154 150
4 0 282 193.328613281 -158.246917725 1 322 156.668457031 -64.2678527832 2 225 205.74407959 -137.169677734 5 266 118.149291992 -108.998962402
9.82441978009 -15.9897705635 -6.79518537224
80 71 73
4 0 284 127.631744385 -137.822662354 1 280 90.8139648438 -49.3388061523 2 578 144.540130615 -124.683166504 3 498 124.798065186 -73.083404541
11.2992792104 -11.8502626528 -6.7838372167
166 154 149
2 0 237 257.706604004 -69.9217224121 28 325 204.90814209 40.9037628174
5.20838364181 -15.289137044 -11.3733631334
127 101 104
3 1 517 -98.5383605957 78.698425293 27 462 -28.3989868164 -24.917175293 17 740 -34.3723449707 35.962677002
11.4717313059 -12.3064010553 -8.15025941
143 131 129
14 0 291 229.723205566 -29.9497375488 1 340 187.138916016 62.7037811279 2 297 234.672485352 -30.4167480469 4 263 144.043792725 62.2766571045 5 301 174.5703125 -44.6181945801 6 269 229.145751953 -79.1961364746 7 253 221.912536621 -26.5428466797 8 265 166.619842529 -43.0710449219 9 290 202.575317383 -94.332611084 10 349 179.66583252 -106.989562988 11 332 199.021972656 -117.515380859 12 345 184.237304688 -130.403686523 28 402 174.816345215 55.2759399414 29 181 149.203582764 -79.634765625
2.63851722367 -14.480518117 -6.52800007839
34 25 21
3 15 676 -127.342086792 -132.967987061 21 115 -167.232635498 -32.4190063477 20 100 -185.60055542 -91.7235412598
9.94651240027 -12.4945667749 -11.7911187519
132 58 70
11 0 298 131.27444458 76.0861663818 1 366 83.7688293457 166.759246826 2 379 147.972259521 58.7858734131 3 423 105.847015381 93.1177368164 4 307 87.5952453613 140.701416016 5 444 138.983856201 48.564163208 6 229 162.30581665 52.1226196289 7 158 148.683135986 116.745025635 9 278 177.642791748 7.57048034668 10 305 141.458862305 0.274139404297 12 301 182.936279297 -50.9970397949
10.216181237 -15.5245584549 -4.76024115582
177 166 160
2 0 304 172.450714111 -202.28137207 1 352 138.770721436 -107.156768799
10.216181237 -15.5245584549 -4.76024115582
177 166 160
2 0 305 172.450714111 -202.28137207 1 353 138.770721436 -107.156768799
10.0745091135 -12.2597578211 -11.3571736818
146 131 132
