# Camera parameter file. 

# The format of each camera is as follows:
# Filename (of the undistorted image in visualize folder)
# Original filename
# Focal Length (of the undistorted image)
# 2-vec Principal Point (image center)
# 3-vec Translation T (as in P = K[R T])
# 3-vec Camera Position C (as in P = K[R -RC])
# 3-vec Axis Angle format of R
# 4-vec Quaternion format of R
# 3x3 Matrix format of R
# [Normalized radial distortion] = [radial distortion] * [focal length]^2
# 3-vec Lat/Lng/Alt from EXIF

# The nubmer of cameras in this reconstruction
44

00000000.jpg
C:\Users\Nanio\Desktop\Organizar\TCC parte 2\Fotos Kitty-Mesclada\2016-03-15 08.17.50.jpg
634.84375
320 240
0.958616082404 1.48667930279 -1.48884082422
-0.276827103882 -0.67629264328 -2.19358076389
-2.09467729028 -0.194453746052 -0.430615890109
0.476917501773 -0.857406567856 -0.0795950382346 -0.176262421957
0.925193699041 0.304616207206 0.226336635689
-0.0316343285384 -0.532429427044 0.845883897901
0.378177702842 -0.789764895481 -0.482963058008
0.00597587032119
0 0 0

00000001.jpg
C:\Users\Nanio\Desktop\Organizar\TCC parte 2\Fotos Kitty-Mesclada\2016-03-15 08.32.51.jpg
639.482421875
320 240
1.93760913549 2.02771271564 -1.36487731015
-0.732661984621 -0.911182433263 -2.89167807301
-1.94331836441 -0.133888407168 -0.585235850808
0.52594512532 -0.812623598169 -0.0559871615368 -0.244723907092
0.873950051653 0.348415561257 0.338844433078
-0.166429822679 -0.440493620562 0.882193489193
0.456629131841 -0.827388191513 -0.326983331702
0.00683474139673
0 0 0

00000002.jpg
C:\Users\Nanio\Desktop\Organizar\TCC parte 2\Fotos Kitty-Mesclada\2016-03-15 08.18.21.jpg
625.679992676
320 240
7.46103355047 1.85926792567 1.17003994589
-6.51512246824 -1.92190968162 -3.78844387821
-2.02573990113 -0.334530212023 -0.723804064352
0.463805545116 -0.824373352186 -0.136136821977 -0.294551527825
0.789412649603 0.497684497014 0.359358314626
-0.0487740306976 -0.532702327279 0.844896366965
0.611922366337 -0.684499360995 -0.396247987602
0.0238378341704
0 0 0

00000003.jpg
C:\Users\Nanio\Desktop\Organizar\TCC parte 2\Fotos Kitty-Mesclada\2016-03-15 08.40.52.jpg
624.559204102
320 240
7.30273411624 0.828229787467 3.3215055321
-7.48397755106 -0.381267350841 -2.98213025149
-2.0184294566 -0.19101228198 -0.826336806136
0.458323751461 -0.819388897469 -0.0775421417989 -0.335454480366
0.762914378988 0.434567203767 0.478655733852
-0.180419819775 -0.567852843009 0.80311428931
0.620813355155 -0.699067284264 -0.354818891365
0.0063591918316
0 0 0

00000004.jpg
C:\Users\Nanio\Desktop\Organizar\TCC parte 2\Fotos Kitty-Mesclada\2016-03-15 08.26.56.jpg
636.229553223
320 240
10.6643311223 2.70932716495 8.63322683726
-12.7134964471 -1.25378920334 -5.69176179607
-1.69374464729 -0.449009337714 -0.9577566881
0.541598247795 -0.713011244656 -0.189018283988 -0.40318432259
0.603428710447 0.706273095511 0.370206071456
-0.167182595103 -0.341886595353 0.924749911259
0.779693957093 -0.619912651796 -0.0882274670349
0.0142916400794
0 0 0

00000005.jpg
C:\Users\Nanio\Desktop\Organizar\TCC parte 2\Fotos Kitty-Mesclada\2016-03-15 08.18.14.jpg
638.774780273
320 240
7.36904886031 10.2607757751 7.64612668955
-9.66049013599 1.08329301294 -11.115351696
-1.49889150184 -0.505482318227 -0.662856792981
0.654291993761 -0.660908595137 -0.22288311622 -0.292274491707
0.729797590253 0.677077090454 0.0946726067237
-0.0878543491653 -0.0444499980295 0.99514075478
0.677995160672 -0.734568054844 0.0270444601758
0.0119120160429
0 0 0

00000006.jpg
C:\Users\Nanio\Desktop\Organizar\TCC parte 2\Fotos Kitty-Mesclada\2016-03-15 08.17.59.jpg
633.830688477
320 240
-0.201252407134 10.4315524633 1.48953264097
0.556711650801 2.0761756427 -10.31775321
-1.60020222835 -0.177801165679 -0.316336848727
0.681917125578 -0.71331817639 -0.0792579844066 -0.141012692059
0.94766735477 0.305390257592 0.0930792630077
-0.0792456209629 -0.0574145384891 0.99520046928
0.30926877063 -0.950495052587 -0.0302089516521
0.00771060625859
0 0 0

00000007.jpg
C:\Users\Nanio\Desktop\Organizar\TCC parte 2\Fotos Kitty-Mesclada\2016-03-15 08.32.45.jpg
630.380554199
320 240
0.07241929954 10.7968013369 0.670869522976
1.27303971014 0.236479318204 -10.7400914654
-1.49115204526 -0.166046312777 -0.381193396178
0.71510800585 -0.673328331783 -0.0749780595051 -0.172127526734
0.92950092855 0.347149187696 0.124561741371
-0.145209901883 0.0340024166608 0.988816926565
0.339031383832 -0.937192995931 0.0820144949151
0.0134505216731
0 0 0

00000008.jpg
C:\Users\Nanio\Desktop\Organizar\TCC parte 2\Fotos Kitty-Mesclada\2016-03-15 08.24.34.jpg
645.230224609
320 240
-1.24593054301 10.7283674879 5.52847971475
0.328489393663 5.3629121608 -10.8786752575
-1.51734981711 -0.188614551536 -0.307086087835
0.711068058189 -0.684092616863 -0.0850363051971 -0.138448842225
0.947201404991 0.313238533239 0.0684904911389
-0.0805476643576 0.0256978931028 0.996419483189
0.310356892787 -0.949326151588 0.0495718354112
-0.0558298769311
0 0 0

00000009.jpg
C:\Users\Nanio\Desktop\Organizar\TCC parte 2\Fotos Kitty-Mesclada\2016-03-15 08.18.06.jpg
625.319946289
320 240
-2.12462205285 17.2633704628 10.1971278241
1.31451320557 0 -20.119418258
-1.00821598948 -0.17317884938 -0.218990578441
0.866285159573 -0.481432141958 -0.0826944476864 -0.104569957576
0.964453400448 0.260798163403 -0.0425874799564
-0.101551446139 0.514577070809 0.851410290603
0.243960411283 -0.816819789075 0.522769439526
-0.00660268140635
0 0 0

00000010.jpg
C:\Users\Nanio\Desktop\Organizar\TCC parte 2\Fotos Kitty-Mesclada\2016-03-15 08.24.38.jpg
628.407043457
320 240
-3.48983676607 16.6820843925 9.55424094096
3.13033026754 2.18340093629 -19.162150702
-1.12749033367 -0.108714047852 -0.171276010032
0.840388077909 -0.533419771748 -0.0514330108732 -0.0810313023971
0.981577665689 0.191066369117 0
-0.0813245927711 0.417794384583 0.904894470271
0.172894756595 -0.888223996521 0.425636435692
-0.0156809344037
0 0 0

00000011.jpg
C:\Users\Nanio\Desktop\Organizar\TCC parte 2\Fotos Kitty-Mesclada\2016-03-15 08.24.43.jpg
626.593444824
320 240
-3.39098637211 18.8173899014 15.1399982457
2.23490630153 -1.06829872013 -24.2626504551
-0.828736793323 -0.117885713675 -0.124336546876
0.911807598361 -0.402113849098 -0.0571996784278 -0.0603297064286
0.986177697494 0.156019913722 -0.055791410679
-0.0640164251919 0.669329057875 0.740202553167
0.152828994978 -0.726399298886 0.670065630343
-0.00549585389578
0 0 0

00000012.jpg
C:\Users\Nanio\Desktop\Organizar\TCC parte 2\Fotos Kitty-Mesclada\2016-03-15 08.18.28.jpg
628.572753906
320 240
0.901935720545 19.0303997332 12.2563518201
-4.99793769935 -1.22261261202 -22.0615777117
-0.985360882849 -0.415678564204 -0.343314718423
0.846402879894 -0.467187462853 -0.197084963645 -0.162775217742
0.869323445986 0.459698008452 -0.181533766001
-0.0913956438381 0.510481028367 0.855019036718
0.48571935725 -0.72669621932 0.485786866019
0.0132047424661
0 0 0

00000013.jpg
C:\Users\Nanio\Desktop\Organizar\TCC parte 2\Fotos Kitty-Mesclada\2016-03-15 08.39.27.jpg
633.448669434
320 240
-4.90728260053 17.3409764361 10.3441291536
5.51081281587 0.98079356738 -20.0115099108
-1.0750113498 0.0148217641515 -0.0390222871477
0.858781129495 -0.511957111477 0.00705863018417 -0.0185837455717
0.999209881259 0.0246913270805 0.0311517280011
-0.0391461529688 0.475109432099 0.87905578679
0.00690445439217 -0.879580638998 0.475700800145
-0.0818171508728
0 0 0

00000014.jpg
C:\Users\Nanio\Desktop\Organizar\TCC parte 2\Fotos Kitty-Mesclada\2016-03-15 08.39.04.jpg
629.099121094
320 240
-4.53534494409 10.8755126566 2.14909224261
5.1305253962 1.96530909535 -10.6433094186
-1.54054897914 0.0255871247898 -0.0692640960978
0.717103389532 -0.696167422547 0.0115627110572 -0.0313001455379
0.997773140499 0.0287916183297 0.060163610497
-0.0609901435028 0.0287418571964 0.99772424085
0.0269969733318 -0.999171832711 0.0304340874181
0.0588136779211
0 0 0

00000015.jpg
C:\Users\Nanio\Desktop\Organizar\TCC parte 2\Fotos Kitty-Mesclada\2016-03-15 08.39.13.jpg
627.235656738
320 240
-4.32860816738 6.69156560918 0.13861632961
5.10758479407 1.85746204572 -5.83056534065
-1.79593696425 0.0599297683555 -0.155773090898
0.620169378845 -0.781102254319 0.0260651003321 -0.0677499906094
0.989461328524 0.0433137319748 0.138168948403
-0.124752146397 -0.229421038181 0.965299631078
0.0735098400734 -0.972363168422 -0.221600056517
-0.020854778756
0 0 0

00000016.jpg
C:\Users\Nanio\Desktop\Organizar\TCC parte 2\Fotos Kitty-Mesclada\2016-03-15 08.39.19.jpg
626.138366699
320 240
-3.47664487208 2.96725110848 -1.77064484714
4.068298814 0.0395214019917 -2.73389928088
-2.01780750601 0.0315160415568 -0.243994850312
0.526450949557 -0.843955310276 0.0131816987258 -0.102051731391
0.97882379071 0.0852010810351 0.186133433852
-0.129699842543 -0.445351416093 0.885911378481
0.158375362608 -0.891292919435 -0.424869965458
0.00816992062189
0 0 0

00000017.jpg
C:\Users\Nanio\Desktop\Organizar\TCC parte 2\Fotos Kitty-Mesclada\2016-03-15 08.40.33.jpg
633.914428711
320 240
-3.39226613894 -0.524964034349 -2.24311056394
3.42384733974 -2.25639262878 0.0236265639727
-2.2190267887 0.213323455498 -0.298902490812
0.431534446215 -0.889992175766 0.0855583210024 -0.119881778577
0.95661657894 -0.0488260506323 0.287230477506
-0.255758518351 -0.612915794798 0.747610849935
0.139545026815 -0.788638272885 -0.598812871061
0.00664426687153
0 0 0

00000018.jpg
C:\Users\Nanio\Desktop\Organizar\TCC parte 2\Fotos Kitty-Mesclada\2016-03-15 08.39.32.jpg
626.026977539
320 240
-5.60571907148 19.4745423151 13.4734551372
5.929551976 -2.83219611851 -23.4314904533
-0.843209602906 0.00762101192882 -0.0146848591127
0.912400264773 -0.409220542405 0.00369857580421 -0.00712675234072
0.999871968643 0.0099780254721 0.0125819572387
-0.0160317774185 0.664975516724 0.746693430159
-0.000916368933454 -0.746798294803 0.665049487266
0.0459322139055
0 0 0

00000019.jpg
C:\Users\Nanio\Desktop\Organizar\TCC parte 2\Fotos Kitty-Mesclada\2016-03-15 08.40.20.jpg
624.637268066
320 240
-8.39351769602 -1.7566364666 -1.74629112896
7.63757057411 -4.09013131673 1.23484527866
-2.28888517109 0.300605855868 -0.0533585854201
0.404304348659 -0.906595351174 0.119065768309 -0.0211345881821
0.970752955667 -0.198799300498 0.13459843533
-0.232978524134 -0.64472246676 0.728048161631
-0.0579567962845 -0.738113610184 -0.672182463527
0.0154371322515
0 0 0

00000020.jpg
C:\Users\Nanio\Desktop\Organizar\TCC parte 2\Fotos Kitty-Mesclada\2016-03-15 08.25.52.jpg
618.186462402
320 240
-9.42494483913 0.394178238971 1.85519274401
9.37233630529 -4.4408920985e-016 2.14147823264
-2.16830025202 0.285810985049 -0.056727414877
0.459028017131 -0.880506961433 0.11606259869 -0.0230359626886
0.971998099919 -0.183239628899 0.147118823713
-0.225536238002 -0.55164582377 0.803007570379
-0.0659851144464 -0.813701887927 -0.577525394105
0.00850846721455
0 0 0

00000021.jpg
C:\Users\Nanio\Desktop\Organizar\TCC parte 2\Fotos Kitty-Mesclada\2016-03-15 08.18.50.jpg
612.098083496
320 240
-9.03432337317 0.0148430646596 -0.506525871028
8.82162597044 -2.01095219982 -0.104052709676
-2.05952111237 0.19164224124 0.0909329270057
0.510347486862 -0.855443378299 0.0796005854402 0.0377699309851
0.984473986686 -0.174739245097 0.0166279603129
-0.0976360876685 -0.466418331299 0.879160068764
-0.145867874616 -0.867133444307 -0.476237426001
0.00567972598584
0 0 0

00000022.jpg
C:\Users\Nanio\Desktop\Organizar\TCC parte 2\Fotos Kitty-Mesclada\2016-03-15 08.39.58.jpg
625.898010254
320 240
-10.1188585828 6.99917066791 1.75397991631
10.8735949199 -0.534038111883 -5.9946465114
-1.81476056079 0.372238601442 0.244512592209
0.59437748569 -0.781011215228 0.160198832148 0.105229902449
0.926526499612 -0.375326428412 0.0260655692378
-0.125141289065 -0.242103651152 0.962146399898
-0.354808747012 -0.894715529714 -0.27128446648
-0.0284044534403
0 0 0

00000023.jpg
C:\Users\Nanio\Desktop\Organizar\TCC parte 2\Fotos Kitty-Mesclada\2016-03-15 08.25.58.jpg
624.262207031
320 240
-8.81546341625 11.7853462783 1.6645981118
10.7027291431 -0.737014196661 -10.2120497025
-1.54263194515 0.302320344249 0.0501642465856
0.706406390873 -0.694240401486 0.136055134751 0.0225757328566
0.961958901669 -0.220805125172 0.160874527147
-0.157014557298 0.0350419297119 0.986974788993
-0.223566339649 -0.974688636654 -0.000960875116329
0.00465797108382
0 0 0

00000024.jpg
C:\Users\Nanio\Desktop\Organizar\TCC parte 2\Fotos Kitty-Mesclada\2016-03-15 08.18.41.jpg
630.470825195
320 240
-10.5498400823 10.0706627565 3.76600249276
10.5470642213 0.649823977625 -10.7348715931
-1.53185116484 0.163331101788 0.251869675997
0.710565894284 -0.690496776325 0.0736230789562 0.113532700383
0.963379477981 -0.263017769665 -0.0521599263613
0.0596720894475 0.020648388521 0.998004106628
-0.261416122115 -0.96456973085 0.0355876939771
0.000200209699914
0 0 0

00000025.jpg
C:\Users\Nanio\Desktop\Organizar\TCC parte 2\Fotos Kitty-Mesclada\2016-03-15 08.18.57.jpg
631.348937988
320 240
-10.5794469141 17.2640092604 11.9105021934
10.2497235118 -4.0983581092 -20.7358888389
-0.894655227221 0.132602541201 0.231240977984
0.89303052216 -0.431260739027 0.0639198969337 0.11146769395
0.9669779951 -0.254220438616 0.018021729223
0.143955773113 0.603178628304 0.784508165358
-0.210307946517 -0.756007846481 0.61985743063
-0.00483112965804
0 0 0

00000026.jpg
C:\Users\Nanio\Desktop\Organizar\TCC parte 2\Fotos Kitty-Mesclada\2016-03-15 08.26.05.jpg
627.669189453
320 240
-7.79716488099 18.2207847063 12.7965614576
10.5527344026 -1.94946782981 -21.0091313449
-0.944129286841 0.214630150223 0.108455106493
0.883676784843 -0.453614594711 0.103120801317 0.052108138008
0.973301545293 -0.185648188156 0.134976689137
-0.00146118071943 0.583037267586 0.812444483177
-0.229525143498 -0.790950263271 0.567199827406
-0.0214209027211
0 0 0

00000027.jpg
C:\Users\Nanio\Desktop\Organizar\TCC parte 2\Fotos Kitty-Mesclada\2016-03-15 08.39.46.jpg
632.050354004
320 240
-6.22053188395 19.4805684579 16.4873217816
12.7433261773 -0.698283928953 -22.9595271258
-0.91557804517 0.347535043684 0.0858092249288
0.881609285534 -0.439576271521 0.1668543272 0.0411976885589
0.940925090984 -0.219330907984 0.257981737801
-0.0740498488802 0.610150546763 0.788817150281
-0.330419558962 -0.761320940412 0.55786409161
-0.04096012536
0 0 0

00000028.jpg
C:\Users\Nanio\Desktop\Organizar\TCC parte 2\Fotos Kitty-Mesclada\2016-03-15 08.25.23.jpg
619.238952637
320 240
1.44068649846 -4.61447354329 1.26125430029
-2.41540099425 -3.07583352408 3.10882307049
-2.36122006501 -0.0624362171498 -0.636526195658
0.340682532009 -0.907477259082 -0.0239958350542 -0.244633296121
0.879157584324 0.210235803419 0.427647989864
-0.123133359526 -0.766719080185 0.630063792459
0.46034783724 -0.606582809001 -0.648180153673
0.0176635028034
0 0 0

00000029.jpg
C:\Users\Nanio\Desktop\Organizar\TCC parte 2\Fotos Kitty-Mesclada\2016-03-15 08.27.00.jpg
627.010498047
320 240
2.65308104844 17.6726079324 13.9915738227
-11.7119760683 -5.74244334101 -18.573592567
-0.828823147717 -0.795170007141 -0.43175161385
0.817623450683 -0.38889818715 -0.373107550272 -0.202585340899
0.639500125454 0.621478621187 -0.452552991894
-0.0410754807475 0.615434566267 0.787116698093
0.767692939022 -0.484772412874 0.419097736704
0.00869701493638
0 0 0

00000030.jpg
C:\Users\Nanio\Desktop\Organizar\TCC parte 2\Fotos Kitty-Mesclada\2016-03-15 08.40.07.jpg
628.326843262
320 240
-9.84932061531 1.5380433194 2.48719458216
10.2071725784 -1.10992893608 -0.377502531428
-2.10116417726 0.399151351214 0.27540752553
0.472915269317 -0.858538610241 0.163093798217 0.112531898639
0.921474001763 -0.386481049416 -0.0389665012099
-0.173608836809 -0.499503188213 0.84873868795
-0.347484691241 -0.775325384376 -0.527375405737
-0.0173147797632
0 0 0

00000031.jpg
C:\Users\Nanio\Desktop\Organizar\TCC parte 2\Fotos Kitty-Mesclada\2016-03-15 08.24.47.jpg
628.593566895
320 240
-5.14822198152 18.8857642194 20.45059339
1.4401865735 -6.5460432036 -27.5041404897
-0.491997003678 -0.191082675175 -0.0756451779268
0.964673087221 -0.243094832312 -0.0944136052297 -0.0373761460047
0.979378317815 0.118014233243 -0.163984791634
-0.0262088153762 0.879016035486 0.476071655296
0.200328264496 -0.461956514198 0.863982307532
0.030965887413
0 0 0

00000032.jpg
C:\Users\Nanio\Desktop\Organizar\TCC parte 2\Fotos Kitty-Mesclada\2016-03-15 08.25.10.jpg
616.288146973
320 240
-4.90064906235 9.58291780667 14.8936045683
3.03987475788 17.0346817881 -6.18443977931
-1.70418013443 0.00606760682876 -0.38265439302
0.642291682656 -0.747835060113 0.0026626112028 -0.167917912681
0.943592535326 0.211722220745 0.254570305727
-0.219686893992 -0.174908234034 0.959762123314
0.247729613608 -0.961550833122 -0.118529878855
0.054773470199
0 0 0

00000033.jpg
C:\Users\Nanio\Desktop\Organizar\TCC parte 2\Fotos Kitty-Mesclada\2016-03-15 08.25.05.jpg
637.60357666
320 240
-4.4272919842 -2.59165166561 12.9681553426
-0.526513032735 10.1649316728 9.53349369207
-2.06828816126 0.0696495665248 -0.478781520987
0.487073254168 -0.850404414109 0.0286373533064 -0.196857443014
0.920854395415 0.14306129236 0.362713363482
-0.240474689143 -0.523879320391 0.817143888263
0.30691940802 -0.83969309309 -0.448013655322
0.0776648503966
0 0 0

00000034.jpg
C:\Users\Nanio\Desktop\Organizar\TCC parte 2\Fotos Kitty-Mesclada\2016-03-15 08.39.52.jpg
641.782165527
320 240
-8.28817574578 14.9882796104 7.06236107143
11.5858831496 0.201982404031 -14.4549473711
-1.32310207495 0.362537584381 0.154726215577
0.771064723255 -0.610251204217 0.167212342593 0.0713640021939
0.933894947524 -0.314135609558 0.170763134674
-0.0940305511495 0.245001039842 0.964952564208
-0.34496301999 -0.917220139374 0.199267242429
-0.135286492748
0 0 0

00000035.jpg
C:\Users\Nanio\Desktop\Organizar\TCC parte 2\Fotos Kitty-Mesclada\2016-03-15 08.26.25.jpg
637.340087891
320 240
-17.3368206868 2.99490136482 13.4167985668
19.5593758177 9.12876506256 4.86230783077
-1.96009845512 0.315824128167 0.0288563594074
0.546351474782 -0.826803680099 0.133220120015 0.0121721151762
0.96420816196 -0.233594388025 0.125442318763
-0.206993375714 -0.367504769824 0.906693841495
-0.165697717401 -0.900207798414 -0.402703656149
0.0832340690172
0 0 0

00000036.jpg
C:\Users\Nanio\Desktop\Organizar\TCC parte 2\Fotos Kitty-Mesclada\2016-03-15 08.25.39.jpg
687.155822754
320 240
-9.79386405038 17.8754190908 28.886662731
3.59793554681 14.586363563 -32.0028472133
-0.976389334147 -0.18661436765 -0.00263110156808
0.879001101355 -0.468340740965 -0.0895125624209 -0.00126204989634
0.983971743934 0.0860635825047 -0.156181179711
0.0816262095093 0.561310970438 0.823570185572
0.158545384101 -0.823117922897 0.54528903036
0.120992438685
0 0 0

00000037.jpg
C:\Users\Nanio\Desktop\Organizar\TCC parte 2\Fotos Kitty-Mesclada\2016-03-15 08.40.57.jpg
606.914245605
320 240
5.42603872811 11.8583555334 4.76475149507
-5.67771253518 0 -12.6699996302
-1.41089414532 -0.381632563539 -0.527554377679
0.713058232654 -0.636585446996 -0.172189910103 -0.238028799285
0.827385840072 0.558683788843 0.0574885393652
-0.120229790912 0.0762031203778 0.989817370988
0.548614271281 -0.825872604082 0.13021921217
-0.0400476832614
0 0 0

00000038.jpg
C:\Users\Nanio\Desktop\Organizar\TCC parte 2\Fotos Kitty-Mesclada\2016-03-15 08.27.30.jpg
769.198242188
320 240
18.0447182599 -2.75959929532 19.9694580665
-21.9108812082 -8.99624383341 -13.0762011684
-1.69390640573 -0.422552780323 -1.67067536433
0.354699525254 -0.655423114205 -0.163498324499 -0.646434328608
0.110781923742 0.672900921904 0.731390393621
-0.244258875958 -0.694913321632 0.676338448025
0.963361505939 -0.253574621772 0.0873784107528
0.0683631573151
0 0 0

00000039.jpg
C:\Users\Nanio\Desktop\Organizar\TCC parte 2\Fotos Kitty-Mesclada\2016-03-15 08.25.28.jpg
3569.2878418
320 240
-5.95611016351 -5.669680832 139.510718474
6.70799126703 130.664102954 49.1199034186
-1.49812237021 -1.50689443019 1.00450175894
0.385383559195 -0.588169684943 -0.591613635757 0.394371978439
-0.0110716367626 0.391969619242 -0.919911826625
0.999907526032 -0.00294579842548 -0.0132895214827
-0.00791915216073 -0.919973227858 -0.391900614022
-88.6742799914
0 0 0

00000040.jpg
C:\Users\Nanio\Desktop\Organizar\TCC parte 2\Fotos Kitty-Mesclada\2016-03-15 08.25.32.jpg
616.514282227
320 240
-15.922591554 18.9775867359 33.4630284014
3.08992485364 3.29430366534 -41.3890309956
-0.607163786187 -0.299416536097 0.141680481479
0.94079712236 -0.297566934193 -0.146742053331 0.0694366618496
0.94729055907 -0.0433204635847 -0.317433033774
0.217982783033 0.813264897717 0.539521659511
0.234784972236 -0.580278802082 0.779841444975
0.0385894237993
0 0 0

00000041.jpg
C:\Users\Nanio\Desktop\Organizar\TCC parte 2\Fotos Kitty-Mesclada\2016-03-15 08.41.03.jpg
652.909545898
320 240
-2.2683524132 18.146540985 14.0994352198
-6.02439742121 -2.405660035 -22.1620409598
-0.816889342573 -0.548392972432 -0.230437590647
0.875049314106 -0.391286763403 -0.262678064302 -0.110378694287
0.837633483846 0.39873860611 -0.373332896431
0.0123914031977 0.669422100354 0.742778532175
0.546092143561 -0.626802323564 0.555789624269
0.00856009413256
0 0 0

00000042.jpg
C:\Users\Nanio\Desktop\Organizar\TCC parte 2\Fotos Kitty-Mesclada\2016-03-15 08.41.08.jpg
676.48638916
320 240
-4.57673493799 19.1123122405 18.1907705311
-6.55047213915 -3.45275961667 -25.7352114743
-0.6726198803 -0.567475394535 -0.185836167185
0.900570205913 -0.325087840709 -0.274269845522 -0.0898175627649
0.833417768986 0.340097591616 -0.435601240551
0.0165495076407 0.772501308796 0.634797341583
0.55239576448 -0.536260353007 0.63818770533
-0.199745054163
0 0 0

00000043.jpg
C:\Users\Nanio\Desktop\Organizar\TCC parte 2\Fotos Kitty-Mesclada\2016-03-15 08.26.48.jpg
662.687194824
320 240
-16.5444233753 21.7407532305 35.2047589535
23.1896611199 1.92368911885 -38.0038587616
-0.736150326032 0.233970684449 0.230393584027
0.919875781249 -0.358191046478 0.113843873112 0.112103351783
0.948944874956 -0.287797987437 0.129135645679
0.124686645772 0.718263708982 0.684507079577
-0.289753241197 -0.633457995283 0.717477227773
0.0793995379095
0 0 0

