# Bundle file v0.3
23 1765
1640.59594727 0 0
0.862256503714 0.0355639048973 0.505225734424
-0.386613016853 -0.598187478632 0.701930892009
0.327182176723 -0.800569077293 -0.50203995286
0.135700465778 -0.707149790218 0.325533084577
1648.58825684 0 0
0.664208710476 0.196873140693 0.721159213961
-0.458001200075 -0.655268323414 0.600717447732
0.590816605286 -0.729291958063 -0.345065934086
-0.862625615111 -0.520786835795 0.588529796777
1745.12731934 0 0
0.704092512536 0.125283374289 0.698971899558
-0.562313671544 -0.502745090811 0.65654541249
0.433657378091 -0.855308178946 -0.283529462594
-0.725598130136 -0.752537174965 0.178446027873
1656.10302734 0 0
0.535890420385 0.180630101043 0.824739174173
-0.586389432715 -0.623169854843 0.517501681127
0.607428907508 -0.76094304992 -0.228032306465
-1.2437522698 -0.488702351558 0.107747501109
1786.18652344 0 0
-0.106591327955 0.47859281214 0.871543010096
-0.721944164415 -0.639967382656 0.263133658585
0.683692604421 -0.601157055335 0.413733481987
-2.3363596035 -0.161470401392 -1.6881332448
1829.7109375 0 0
-0.427551194928 0.471447683928 0.771321451756
-0.639616344042 -0.760719232052 0.110422732769
0.638820112148 -0.446138241786 0.626792755184
-2.50796244568 0.638824221648 -2.23874549878
1200.32348633 0 0
0.991446893366 0.0572045876982 0.117311901442
-0.0839246321274 -0.4089399638 0.908693122547
0.09995465316 -0.91076702106 -0.400641754501
0.671589234526 -0.861352115987 0.864243689698
1677.39831543 0 0
0.907637655715 0.0260661919914 -0.418939589646
0.419653788057 -0.0347620487107 0.907017476371
0.00907890353433 -0.999055076794 -0.0424915277985
1.64933407373 -0.973344743039 -0.691890853306
1703.91552734 0 0
0.650337092702 -0.638487298714 -0.411575942174
0.520790242215 -0.0196924977197 0.853457674586
-0.553026789462 -0.769380198307 0.319711234612
2.57725300227 -0.854812296415 -2.03940101383
1745.78259277 0 0
0.791451081702 -0.411777021106 -0.451715120194
0.324196036059 -0.343706390304 0.881342164287
-0.518173036302 -0.843982196808 -0.138529994742
2.39081764961 -0.569312331161 -1.07441993243
1816.20324707 0 0
0.688774656702 -0.545388378733 -0.477641550543
0.385952041708 -0.281868410578 0.878403174561
-0.613702252786 -0.7893684025 0.0163495847069
2.65866138472 -0.64858591589 -1.60531662355
1750.69042969 0 0
0.779683486857 -0.396100449828 -0.484972273724
0.305234023156 -0.435833477043 0.846687902114
-0.546741022423 -0.808178086235 -0.218908424291
2.34153894111 -0.204950023482 -1.03685225392
1804.88244629 0 0
0.778607782425 -0.57043844267 -0.261478307918
0.383158212885 0.10218341394 0.918014092894
-0.496951219498 -0.814959622196 0.298128171227
2.52672323037 -1.81344630666 -1.99597832874
1739.21350098 0 0
0.94754004745 -0.232760317772 -0.21906672722
0.272324754712 0.229034050925 0.934550020113
-0.167352194576 -0.945179469792 0.280405422796
1.93540758247 -2.18014716739 -1.43256558249
1792.04980469 0 0
0.935687588214 0.0500246657688 -0.349264698098
0.343273341302 0.0997490623847 0.933923912343
0.0815584928944 -0.993754382884 0.0761615601598
1.56242096412 -1.8740175409 -0.718388464363
1823.30664063 0 0
0.945174500821 -0.00196075072794 -0.326557686796
0.304777227646 0.364425954988 0.879945752166
0.117280860526 -0.931230027667 0.345043841488
1.64342828486 -2.37795094167 -1.13136064156
1808.33618164 0 0
0.960076314972 -0.218148584614 -0.175111324087
0.245695791777 0.35831254071 0.900691912525
-0.133740169323 -0.907757063375 0.39760573834
1.90233621293 -2.63122315753 -1.8127137512
1705.59997559 0 0
0.949364673009 -0.236249230545 -0.207107667506
0.313037148898 0.6551988536 0.68754851585
-0.0267362030387 -0.717566057522 0.695976695064
1.99584615491 -2.49820369465 -2.04479066987
1817.00817871 0 0
0.806114314603 -0.495056200445 -0.324189926825
-0.0324404712559 -0.583986221362 0.811115255297
-0.590870184016 -0.643334108536 -0.486819115851
2.27617412788 -0.277284705526 -0.952149727766
1472.36230469 0 0
0.0123469689251 -0.395299448993 -0.918469076711
0.522717776893 -0.780485371824 0.342940157603
-0.852416464456 -0.484334765056 0.196993670058
2.20972314812 1.34902625217 -2.93178682903
1717.19958496 0 0
0.959256716233 -0.133112536257 0.249214731424
-0.270032732693 -0.691439798864 0.67007026006
0.0831222776084 -0.710065047413 -0.699212516235
1.11853474104 -0.306032937209 0.423393358756
1175.58239746 0 0
0.898300317131 -0.0236098241156 -0.438747169579
0.420225361859 -0.245469797914 0.873587472298
-0.128324629496 -0.969116612556 -0.210584217573
1.72742263305 -0.366355516749 0.0498551713851
1811.63879395 0 0
0.967433203678 -0.253126918684 5.55111512313e-017
-0.172259858663 -0.658365015836 0.732722433411
-0.185471808226 -0.708859805554 -0.680527615171
1.7237919191 -0.310590339568 -0.253576628591
-1.0381994072 1.57060005276 1.95828775299
23 9 7
3 13 53 124.664550781 -218.372131348 16 32 173.125854492 -437.131469727 17 34 225.852050781 -433.889160156
-1.10486038315 1.49984867714 1.44192985854
197 156 132
2 0 35 -29.4766235352 -139.159301758 1 21 -261.14666748 -130.695251465
-1.37833113028 1.58858884775 1.66001635214
56 22 7
7 7 131 -180.716552734 -72.2707519531 8 99 -13.4385986328 -162.210388184 9 106 -95.1093139648 -89.8923339844 10 101 45.8497314453 -155.910949707 11 147 -153.911560059 79.8259277344 13 83 -81.4918823242 -502.094360352 21 120 -196.377685547 82.6536865234
-1.01442196457 1.59500866913 1.67822032273
146 113 92
4 0 40 128.420898438 -69.3664550781 1 28 -10.5369262695 -90.1309814453 2 27 -56.2416992188 100.13470459 3 38 -91.5466918945 -15.5626831055
-1.29466735404 1.51244716741 1.47887053231
159 45 0
8 7 124 -78.8669433594 -168.330444336 8 93 135.087036133 -252.166809082 9 79 69.9714355469 -190.779907227 10 84 217.740966797 -253.596679688 11 105 15.5756835938 -6.59350585938 18 116 6.05041503906 77.7185668945 19 150 154.283691406 -1.33563232422 21 102 -91.8662719727 7.83642578125
-1.42471354761 1.56833928905 1.52958945224
184 140 114
8 7 118 -176.145935059 -171.766296387 8 85 16.2469482422 -279.322753906 9 80 -68.8759155273 -208.76171875 10 86 86.0396728516 -279.264099121 11 99 -123.596008301 -27.0949707031 18 124 -140.213256836 91.845703125 19 142 112.617797852 -64.4948120117 21 92 -192.288085938 -9.40734863281
-1.14999133698 1.4978404521 1.38678708501
31 15 8
5 0 49 -83.9921875 -156.971984863 1 59 -331.04901123 -143.15057373 2 49 -331.086181641 44.2929077148 3 73 -362.940917969 -25.0992431641 6 27 -231.337036133 -119.854187012
-0.982423488344 1.66720155748 1.83205133632
160 31 5
6 0 51 201.486328125 -27.4877929688 1 36 120.5234375 -55.539855957 2 35 55.8138427734 130.160858154 3 43 30.9288330078 -2.76403808594 4 24 113.704223633 -26.3785400391 5 20 81.9345703125 149.89276123
-1.16824483104 1.59806149938 2.04740786572
178 11 0
9 7 97 -160.316589355 238.821685791 8 55 -43.1957397461 219.367828369 12 51 144.809814453 -186.584716797 13 61 6.89831542969 -175.58392334 14 67 -133.343933105 -161.948303223 15 49 -118.493225098 -313.424743652 16 37 58.6033935547 -398.044799805 17 42 86.7432861328 -407.050048828 21 90 -175.50604248 370.6875
-1.28586694266 1.51268968886 1.52762627413
135 12 0
2 0 34 -117.436767578 -33.6430664063 6 15 -330.214599609 15.8750610352
-1.26375977807 1.54604224621 1.62727405061
193 87 27
2 11 395 -40.8862915039 102.160461426 21 321 -114.599975586 104.366455078
-1.0347863497 1.5515055437 1.67337674704
160 99 4
6 0 119 113.989013672 -48.177734375 1 95 -35.0980224609 -56.6211547852 2 79 -75.5150146484 123.907470703 3 131 -110.620666504 13.6614990234 6 87 -64.9656982422 101.479614258 20 123 297.914306641 21.3969726563
-1.39719641823 1.5591208985 1.52290225963
151 35 1
8 7 96 -154.364929199 -168.772094727 8 61 40.7545166016 -270.946228027 9 59 -42.580078125 -201.707580566 10 66 110.584228516 -270.299499512 11 83 -98.3009643555 -19.8638305664 18 76 -114.950866699 90.5750732422 19 94 119.706176758 -48.8209838867 21 71 -169.882995605 -4.50994873047
-1.07933689144 1.52856874955 1.75660112808
210 173 153
7 0 136 112.535522461 20.9045410156 1 94 -10.8283691406 25.5931396484 2 78 -56.3500366211 199.4140625 3 119 -76.6857299805 79.1272583008 4 99 28.0808105469 69.9412231445 7 130 -19.2057495117 84.2000732422 14 91 13.4448242188 -368.738891602
-1.19937901441 1.48898017785 1.46557139424
175 57 10
6 0 170 -85.8427734375 -87.3783569336 1 122 -299.518127441 -64.6864013672 3 160 -325.698913574 36.4884643555 6 91 -264.462402344 -37.6156616211 20 162 133.343383789 -29.6701049805 21 82 -23.5061035156 32.5445556641
-1.36353324094 1.53563921759 1.48928517079
171 108 78
8 7 457 -125.935668945 -181.734924316 9 424 5.63745117188 -212.14453125 8 571 82.9866943359 -278.221252441 10 419 159.604980469 -280.390869141 11 455 -48.7536621094 -27.4682617188 19 561 144.704223633 -34.3673706055 21 483 -140.361328125 -11.1301879883 22 651 14.4978027344 3.873046875
-1.15506895324 1.55187377392 1.94488204035
201 145 42
6 8 564 30.2967529297 149.155029297 13 437 43.0987548828 -259.550170898 14 525 -97.2649536133 -242.863464355 11 741 -99.0097045898 347.409240723 15 291 -77.5783081055 -407.647644043 17 263 126.277954102 -492.013916016
-1.13981621773 1.47507676872 1.44407206774
176 132 100
4 7 450 36.6646728516 -143.713806152 9 394 208.573974609 -157.627319336 10 472 340.059204102 -212.487609863 18 482 148.932373047 66.0392456055
-1.2292524081 1.48348048654 1.39723346525
165 130 100
2 0 225 -138.612670898 -115.924377441 1 233 -370.066467285 -88.3525390625
-1.42104713537 1.55803731211 1.4824923135
151 104 76
2 10 649 115.076416016 -315.031982422 21 533 -176.088256836 -37.7890625
-1.01659227976 1.62008167887 1.71982895315
172 148 113
5 0 238 143.672607422 -57.5333251953 1 156 20.1317138672 -75.8203125 2 119 -28.3948974609 109.205932617 3 181 -61.1032714844 -9.06823730469 6 211 -38.1610107422 103.898742676
-1.04268227489 1.55475363202 1.65161394148
188 150 117
7 0 239 98.5908203125 -59.0120849609 1 200 -54.2837524414 -66.8158569336 2 147 -92.0080566406 114.695281982 3 251 -125.543457031 6.16326904297 4 227 -28.9372558594 19.9337768555 5 155 -41.5913696289 217.970367432 6 208 -75.9450073242 84.6653442383
-1.21612804588 1.49659386491 1.48863904405
167 127 96
13 0 245 -87.3036499023 -71.6438598633 1 286 -290.671081543 -48.8579101563 2 157 -302.24041748 132.332366943 3 301 -314.920593262 48.9593505859 6 129 -272.585021973 -18.0457763672 7 137 -28.9609985352 -136.676757813 8 138 182.2421875 -206.663757324 9 112 125.671264648 -151.527526855 10 126 265.39074707 -211.1640625 19 239 150.437988281 33.7302246094 20 182 121.37097168 -13.6748657227 21 108 -39.6825561523 43.7548217773 22 203 144.688598633 5.70581054688
-1.43551671343 1.5671358767 1.44976897921
90 46 23
6 0 733 -243.491210938 -53.9384765625 7 468 -155.428771973 -229.604614258 9 255 -44.6517333984 -280.205993652 10 237 115.458740234 -352.311279297 11 273 -97.5243530273 -92.2849121094 21 401 -174.029846191 -64.2791748047
-0.959322104622 1.67607658087 2.00123294789
197 153 120
4 0 254 268.169067383 46.2986450195 1 199 239.573730469 20.0625610352 2 129 161.841430664 201.308685303 3 212 146.326171875 48.6029663086
-1.13991749089 1.51481163212 1.60378243478
93 52 47
5 0 265 12.9761962891 -37.6704711914 1 228 -155.779296875 -24.3616943359 2 150 -183.544433594 152.984924316 6 148 -174.163696289 67.5631103516 20 238 205.178710938 25.1504516602
-0.987633977533 1.61319990812 1.96599757267
215 178 152
2 7 66 -19.6672973633 238.308288574 15 34 56.9311523438 -319.455383301
-1.07727283533 1.51136581984 1.46782816753
153 108 75
7 0 273 2.76477050781 -137.34588623 1 341 -220.296264648 -135.440917969 2 224 -233.888000488 49.6561279297 3 410 -275.187561035 -32.2389526367 6 171 -142.943786621 -55.149597168 7 223 72.1477050781 -108.15057373 14 174 98.6647949219 -591.416992188
-1.02126728071 1.56880810166 1.66065973844
176 145 111
4 0 290 117.593017578 -67.7689819336 1 320 -32.8895263672 -79.3372802734 2 234 -73.4861450195 104.039001465 3 383 -109.466918945 -5.92468261719
-0.955911989461 1.71777543034 1.92703163618
204 170 147
5 0 309 246.551879883 -9.18725585938 1 220 200.319091797 -44.075378418 2 159 127.287231445 144.072021484 3 239 106.973266602 -1.18115234375 6 263 35.984375 206.878601074
-0.967749845481 1.6671855336 1.90324002351
188 150 107
5 0 313 234.395141602 4.66333007813 1 218 174.239257813 -24.0719604492 2 169 105.104614258 160.154327393 3 262 80.8079833984 17.9350585938 6 304 22.8176269531 215.002624512
-1.07870038857 1.51784451278 1.44948587537
151 111 72
3 0 320 -6.75622558594 -151.019592285 1 368 -234.649230957 -150.24621582 2 231 -246.179748535 37.1832275391
-0.958843665251 1.6911308047 1.92766955168
148 81 8
6 0 350 245.928833008 3.42401123047 1 272 197.895507813 -27.4873046875 2 206 124.438476563 157.85748291 3 295 103.686401367 12.7928466797 4 298 176.825317383 -30.830078125 6 363 32.3734130859 218.711364746
-1.17033582483 1.49579814217 1.47455855575
177 133 108
5 7 142 5.32019042969 -135.175170898 9 125 166.077636719 -147.415893555 10 146 296.191650391 -202.590454102 11 152 109.586669922 33.1054077148 21 106 -2.41564941406 46.288269043
-1.41253145524 1.552890948 1.46726674607
176 137 113
2 0 370 -222.627746582 -46.7791137695 1 459 -384.866088867 -8.80584716797
-1.28777244175 1.53968941398 1.58598767605
129 22 0
15 0 387 -89.7469482422 -12.151184082 1 601 -239.880126953 12.6677246094 2 296 -266.238464355 195.408355713 3 552 -258.617614746 97.1526489258 6 176 -313.186950684 52.8579711914 7 165 -104.729919434 -94.0572509766 8 145 88.8311767578 -172.776611328 9 122 19.9639892578 -107.821228027 10 120 159.004638672 -171.27734375 11 129 -37.7083740234 64.6259765625 12 112 196.515258789 -588.241088867 13 103 6.77563476563 -549.713989258 14 128 -97.0278320313 -548.875244141 19 218 83.1727294922 11.6898193359 21 141 -118.10546875 72.8121337891
-0.998842048049 1.60982446576 1.8240638056
197 148 112
7 0 402 188.905517578 -3.3427734375 1 339 97.6409912109 -20.8133544922 2 242 38.6529541016 159.947937012 3 339 12.3853759766 28.8292236328 4 315 89.9013671875 6.48187255859 5 227 63.4656982422 190.590057373 6 313 -11.3337402344 188.367340088
-1.05328063234 1.53047509128 1.63103086253
153 96 66
7 0 406 83.8582763672 -55.8643798828 1 507 -81.2583618164 -59.2227783203 2 347 -115.502563477 120.226226807 3 590 -149.303405762 15.5383300781 4 517 -45.208190918 33.7196044922 7 473 37.1116943359 6.91546630859 14 345 69.6375732422 -456.994995117
-1.07002378431 1.55897842899 1.38111612219
175 140 91
4 0 416 -28.3482666016 -215.282897949 1 516 -269.940612793 -221.536315918 2 320 -276.912841797 -25.5816650391 3 613 -322.202026367 -95.7440795898
-1.09725487649 1.52549321392 1.85319107611
160 115 86
10 0 435 135.253295898 78.7139892578 1 672 42.4406738281 85.7065429688 2 341 -10.1343383789 257.865234375 3 965 -22.0869750977 125.123748779 7 333 -60.6192626953 141.3543396 14 266 -28.8692016602 -302.221313477 15 175 -1.537109375 -474.970458984 16 148 152.175170898 -541.668945313 21 296 -78.3127441406 300.16583252 22 391 208.282226563 177.334136963
-1.24641189765 1.56633823042 1.92576906871
133 28 0
6 9 689 -94.3471679688 160.455932617 13 443 -25.6535644531 -291.388366699 14 524 -160.622436523 -278.574462891 15 434 -148.725585938 -437.002319336 11 670 -158.928955078 311.204467773 21 577 -192.823486328 287.859863281
-0.959815186209 1.69721081448 1.87224378083
184 151 120
6 0 458 226.23034668 -26.2948608398 1 380 162.98059082 -60.3848266602 2 273 94.2336425781 128.114990234 3 391 70.2860107422 -11.0550537109 4 375 144.693603516 -43.247253418 5 277 109.926879883 126.144439697
-1.02230455852 1.57337047324 1.72405454566
198 149 113
6 0 460 139.493652344 -34.0155029297 1 322 11.2950439453 -44.717956543 2 239 -35.965637207 135.491699219 3 337 -67.3983764648 17.8748168945 4 310 19.1591796875 16.6236572266 5 257 0.603271484375 208.891693115
-1.02349559564 1.59591789164 1.66300114525
132 86 50
6 0 467 116.444213867 -76.4543457031 1 409 -27.4135131836 -92.0493164063 2 300 -69.598815918 93.5627441406 3 443 -104.59197998 -17.2348632813 4 600 -9.66741943359 -4.88885498047 5 527 -25.2758178711 186.839660645
-0.962188111674 1.68960935542 1.91136758833
166 66 22
4 0 478 237.849975586 -3.31359863281 1 379 184.396362305 -34.0859985352 2 289 113.517211914 151.832763672 3 475 92.2985839844 8.90386962891
-1.00185733848 1.64812393231 1.68954462761
179 154 137
5 0 491 139.74597168 -91.0102539063 1 461 12.9765625 -116.678833008 2 386 -35.6350097656 74.30078125 3 505 -68.4487304688 -41.7132568359 4 567 21.1995849609 -32.733581543
-1.58029291228 1.61937356135 1.14508681095
174 142 53
2 7 3 -160.71270752 -466.720336914 11 3 -87.4953613281 -430.536743164
-0.968086766742 1.68524474144 1.82078759351
108 25 13
4 0 498 205.08972168 -45.5933837891 1 413 124.798339844 -78.5025024414 2 321 60.91796875 110.816741943 3 496 33.0062255859 -22.4460449219
-0.970901042657 1.68487691789 1.88559090419
181 144 93
5 0 510 225.725708008 -12.3101196289 1 344 163.0625 -41.0496826172 2 261 94.5812988281 144.292419434 3 351 71.5932617188 4.98254394531 6 351 19.7176513672 194.059173584
-1.00018820991 1.60884484807 1.80706882168
189 142 96
6 0 523 182.045043945 -11.4022827148 1 462 85.7060546875 -28.6536865234 2 353 28.4141845703 152.350921631 3 510 1.10632324219 23.3262329102 4 464 79.1884765625 4.80145263672 5 339 53.7486572266 189.838653564
-1.02407733153 1.597594102 1.64978123493
177 144 112
4 0 534 110.91015625 -84.664855957 1 394 -36.3320922852 -100.885131836 2 294 -77.349609375 85.577331543 3 439 -112.819702148 -23.7297973633
-1.08383185455 1.51240094902 1.62840860635
178 136 114
3 0 543 61.9774169922 -40.5352783203 1 776 -106.008056641 -36.5829467773 20 590 258.0859375 30.7615356445
-1.15673998986 1.55863532697 1.95958147319
185 137 75
18 0 553 131.614746094 131.41506958 1 582 76.005859375 141.450164795 2 335 17.2811279297 316.930389404 3 564 24.3251953125 173.000152588 6 289 -130.826416016 320.014709473 7 233 -129.666503906 189.74029541 8 212 19.5889892578 160.258758545 9 223 -43.5264282227 210.698852539 10 194 66.2282714844 162.860626221 11 296 -106.092529297 354.799407959 12 147 192.286254883 -255.663452148 13 143 37.7349853516 -246.75592041 14 166 -102.76348877 -231.542297363 15 121 -83.7310791016 -393.619262695 16 96 86.2041015625 -470.534545898 17 99 120.721069336 -478.926147461 19 347 -141.806335449 127.833068848 21 236 -146.522949219 335.808044434
-0.997606081594 1.63854109055 1.76100437435
169 140 110
7 0 560 169.275512695 -48.6650390625 1 489 62.1820068359 -72.3818359375 2 432 7.30358886719 113.564483643 3 556 -22.5252075195 -10.5413818359 4 643 60.0882568359 -18.537109375 5 490 35.0386962891 164.524017334 6 532 -17.9356689453 127.185577393
-0.984367581847 1.66372672132 1.7790274523
175 146 121
6 0 574 180.420898438 -54.571105957 1 415 85.0460205078 -82.2127075195 2 314 27.0262451172 106.288818359 3 455 -1.97509765625 -20.8912963867 4 449 78.9111328125 -32.6460571289 5 319 49.9936523438 145.985443115
-1.01701788605 1.59119252954 1.68716477283
170 147 112
4 0 575 129.432739258 -62.1711425781 1 359 -7.67938232422 -79.1416015625 2 267 -52.1314697266 105.332641602 3 379 -86.6787719727 -8.986328125
-0.992051146875 1.61693060741 1.83657035825
158 31 0
6 0 577 197.519165039 -1.34197998047 1 400 111.154663086 -20.5079345703 2 292 50.0620117188 160.213226318 3 442 24.0279541016 27.5178833008 4 450 98.8961181641 2.46936035156 5 299 71.9875488281 184.749145508
-1.06187673539 1.56167579565 1.38162303641
139 102 44
4 0 593 -22.2066650391 -218.026794434 1 504 -264.239807129 -226.99432373 2 304 -271.601501465 -30.7760009766 3 464 -318.229125977 -101.748779297
-0.987462315807 1.62030358854 1.86945175813
196 153 114
4 0 624 211.275878906 13.4169311523 1 463 134.911010742 -6.69372558594 2 362 71.4261474609 173.801208496 3 523 47.1783447266 36.6141967773
-0.963229985368 1.67123272376 1.93494822828
135 66 23
4 0 625 245.682983398 16.9750366211 1 479 196.469238281 -10.6791381836 2 380 124.160766602 172.531158447 3 570 104.300170898 27.0270385742
-0.98166434022 1.65021371078 1.83811771495
186 122 67
6 0 640 203.189331055 -18.7653198242 1 471 122.625 -43.2298583984 2 373 59.8675537109 141.176605225 3 481 34.1243896484 7.49884033203 4 461 110.473754883 -17.6359863281 5 398 80.3668212891 161.013031006
-0.98166434022 1.65021371078 1.83811771495
186 122 67
6 0 641 203.189331055 -18.7653198242 1 472 122.625 -43.2298583984 2 374 59.8675537109 141.176605225 3 482 34.1243896484 7.49884033203 4 462 110.473754883 -17.6359863281 5 399 80.3668212891 161.013031006
-1.22839926059 1.48960493023 1.43736519729
148 100 75
4 0 697 -118.890808105 -94.6392211914 1 653 -336.283630371 -67.7047119141 2 629 -342.180236816 114.106170654 20 653 98.6413574219 -41.0505371094
-0.938704574131 1.73496028511 1.99439597425
155 116 78
4 0 708 275.463012695 12.0455322266 1 493 253.093383789 -25.1876220703 2 384 172.710327148 162.64932251 3 596 156.329467773 9.46917724609
-0.95585566226 1.70946728011 1.90252943775
177 142 110
7 0 718 238.2421875 -18.0664672852 1 438 186.295410156 -52.1625366211 2 319 114.543945313 135.994140625 3 422 93.0819091797 -6.39886474609 4 345 167.377807617 -45.4459838867 5 279 129.762695313 121.357055664 6 507 31.6845703125 192.593109131
-0.960770178141 1.69190697399 1.88589036999
87 38 15
4 0 720 230.694702148 -17.0214233398 1 525 170.147338867 -49.9760742188 2 420 100.654907227 137.690002441 3 515 77.4871826172 -3.07751464844
-0.992987621012 1.65324257869 1.75250514173
166 124 104
4 0 796 167.024902344 -61.6907348633 1 561 60.8500976563 -87.5914306641 2 466 6.37829589844 100.777160645 3 738 -24.4114990234 -22.8076171875
-1.0475195742 1.53220322185 1.63743555911
190 145 110
4 0 797 89.9844970703 -55.8297119141 1 873 -73.2232666016 -58.7491455078 2 714 -108.259643555 120.898986816 14 409 72.1442871094 -448.592895508
-1.16524429063 1.49251521183 1.49556399638
187 142 118
4 0 834 -49.5649414063 -81.3212890625 1 872 -256.185974121 -65.0241699219 2 631 -270.054504395 115.474334717 3 977 -292.042175293 30.7445068359
-1.13675290295 1.52894265168 1.881057773
152 54 26
6 0 855 117.898803711 102.650634766 1 829 35.6796875 113.167022705 2 478 -17.4155883789 286.55859375 3 812 -19.2950439453 151.16619873 6 424 -125.982727051 280.672729492 20 781 241.067260742 168.97064209
-1.03338168083 1.56671116669 1.65869404557
152 95 17
4 0 867 107.967163086 -63.3033447266 1 492 -41.6414794922 -73.096862793 2 382 -81.5429077148 108.884338379 3 486 -116.749633789 -0.947082519531
-1.04715753689 1.63003538071 2.14932670555
45 26 20
4 13 42 70.3748779297 -65.8119506836 16 27 128.060180664 -290.408325195 15 40 -44.2845458984 -190.310302734 17 46 176.535644531 -285.112915039
-1.01524161781 1.62659543322 1.67037034663
170 136 113
4 0 906 123.977416992 -88.5819702148 1 612 -11.8651733398 -109.496765137 2 511 -56.0172119141 79.5699462891 3 745 -90.4368896484 -33.1148681641
-1.03253205066 1.5594653861 1.70423614952
195 146 109
6 0 918 126.011108398 -34.5733032227 1 681 -11.493347168 -43.4742431641 2 458 -55.3260498047 136.203887939 3 735 -87.0772705078 20.967590332 4 687 3.19970703125 23.5720825195 5 683 -11.5432739258 218.874267578
-0.979278412808 1.63802999378 1.9045238184
185 138 89
3 0 921 227.275268555 20.6558837891 1 661 164.309570313 -1.20202636719 2 518 96.3348388672 179.416381836
-1.03003810586 1.59026796567 1.64190076624
144 106 72
4 0 952 103.923095703 -84.1046142578 1 622 -47.0323486328 -98.4104614258 2 653 -86.2742919922 86.7830810547 3 939 -121.557006836 -20.1196899414
-1.39528372167 1.5584936585 1.52168832832
151 35 1
4 7 95 -154.364929199 -168.772094727 8 60 40.7545166016 -270.946228027 19 95 119.706176758 -48.8209838867 21 70 -169.882995605 -4.50994873047
-1.23726470824 1.55463453381 1.89795048969
160 8 0
13 7 87 -163.679748535 125.107727051 8 57 -0.287963867188 78.0092163086 9 62 -74.973815918 146.237731934 10 60 45.7437744141 91.7568969727 11 87 -137.740844727 299.710845947 12 50 156.884887695 -336.078491211 13 60 -11.5797119141 -312.936279297 14 71 -145.631835938 -300.781921387 15 58 -134.106933594 -459.787719727 16 40 34.4869384766 -530.536376953 17 52 58.4581298828 -536.404541016 19 111 -107.982849121 92.8355712891 21 74 -179.65802002 277.008148193
-1.27189657741 1.59239842099 1.96581548956
168 7 0
12 7 76 -202.71685791 155.858215332 8 45 -64.7641601563 114.494140625 9 55 -134.484863281 175.079193115 10 52 -19.617980957 122.883331299 11 80 -197.303283691 322.207672119 12 42 100.662841797 -290.641296387 13 51 -57.4797363281 -260.171508789 14 55 -186.21307373 -252.020629883 15 48 -182.272094727 -400.07409668 16 31 -10.6417236328 -474.595581055 17 48 -1.11376953125 -482.203369141 21 67 -218.752746582 295.880462646
-1.1564581565 1.5149381096 1.58547185457
179 101 3
3 7 70 -17.6002197266 -54.7593383789 8 41 170.247070313 -109.956665039 14 42 1.07434082031 -522.614746094
-1.29671118538 1.53251239881 1.53940543135
135 12 0
2 0 33 -117.436767578 -33.6430664063 2 28 -303.476074219 178.298614502
-0.945268290013 1.71969452539 2.1653553756
214 179 149
2 0 18 321.904418945 99.5645141602 6 9 64.4401855469 359.757659912
-1.18012865904 1.53650475618 1.8562194094
156 103 70
3 0 64 80.4412841797 98.7485961914 2 47 -53.443359375 285.14956665 6 36 -168.63458252 261.134368896
-1.42663145582 1.55768899873 1.47097777864
180 141 115
6 7 69 -161.173522949 -210.79119873 8 48 42.6492919922 -323.294311523 9 47 -42.1936035156 -254.88293457 19 92 154.382080078 -74.5141601563 21 49 -177.509887695 -47.1163330078 22 82 -41.7317504883 -11.7561035156
-1.66642477389 1.99103619767 1.92373813619
155 118 30
8 7 24 -375.900695801 1.81890869141 8 11 -478.197387695 -100.56451416 12 8 -336.029724121 -395.247009277 13 15 -370.469360352 -266.489135742 15 13 -413.950317383 -343.705566406 14 18 -378.433166504 -301.39263916 19 13 -259.61151123 -295.737731934 16 7 -328.516296387 -410.314453125
-1.20824981239 1.54513032769 1.88914318532
178 124 80
10 7 448 -143.362487793 129.431304932 9 442 -47.8676147461 150.300811768 10 470 72.3983154297 95.9155883789 11 484 -111.142028809 303.084472656 12 353 181.962890625 -332.35559082 13 315 13.6315917969 -314.463684082 14 351 -122.392944336 -299.666931152 15 250 -106.125061035 -465.733642578 16 192 59.4006347656 -534.503295898 17 235 88.7288818359 -540.452026367
-0.937380613076 1.79338095315 1.83037482186
132 93 16
3 0 90 223.067504883 -95.6346435547 2 67 91.4583740234 57.373840332 3 97 64.3215332031 -79.2462158203
-1.02126923034 1.60949148965 1.94012667654
22 12 6
4 0 120 212.272460938 61.1586914063 2 72 90.7448730469 227.985748291 5 56 140.657592773 216.644348145 4 78 164.164916992 40.8103027344
-1.05434210194 1.5771416616 1.96972812719
25 10 1
8 0 151 200.000366211 102.23815918 2 82 84.0877685547 273.891143799 1 86 148.776611328 97.7022705078 3 115 76.9798583984 126.160888672 4 88 174.668701172 75.3203125 5 58 157.966674805 255.337310791 6 97 -44.8256225586 310.456542969 7 128 -62.8377075195 226.903747559
-1.08554326644 1.57198735514 1.35947814942
174 136 94
2 0 117 -48.4279785156 -227.585083008 2 85 -295.756896973 -35.7521362305
-1.19194791788 1.53031384699 1.62576561928
173 137 117
15 0 149 -15.4716796875 -16.6854248047 2 87 -198.40032959 180.81552124 1 116 -169.233276367 1.94281005859 6 82 -218.624511719 82.3458862305 7 88 -54.5791015625 -39.0495605469 8 47 128.587280273 -96.8070678711 9 58 75.5231933594 -42.6831054688 10 55 201.593383789 -97.3696899414 11 86 18.2830810547 124.183624268 12 44 248.882202148 -516.812988281 13 46 72.6778564453 -497.651489258 14 56 -38.0479736328 -494.690795898 20 165 160.915771484 40.6246337891 21 76 -66.1623535156 128.32598877 22 161 154.289550781 62.1877441406
-1.22400110049 1.62063483761 2.06834976182
161 21 0
3 0 175 125.779296875 170.067932129 2 88 46.0079345703 360.437042236 6 112 -164.269104004 362.768310547
-0.979107805459 1.64597893152 1.88843247101
181 28 0
6 0 201 221.057128906 8.76135253906 2 95 87.8229980469 167.274505615 1 109 155.692138672 -13.7092285156 3 134 65.978515625 27.9743041992 4 109 141.444702148 -8.68304443359 5 62 107.680297852 168.569519043
-1.24648122454 1.50021147663 1.47670367921
166 50 1
12 0 200 -114.226806641 -69.6732788086 2 104 -324.334899902 138.488555908 3 155 -330.461547852 56.7905883789 6 106 -305.639770508 -28.7079467773 7 115 -45.5000610352 -154.99041748 8 92 168.561523438 -229.941162109 9 75 109.280639648 -172.656005859 10 85 253.617919922 -233.684448242 11 96 54.0263671875 10.3356933594 21 96 -57.3389282227 23.9019775391 22 171 121.310668945 -1.35095214844 20 178 87.9738769531 -17.2600097656
-1.23649966048 1.52038782847 1.56509385673
153 14 0
13 0 205 -67.0080566406 -30.508605957 2 114 -257.440551758 174.233673096 1 171 -234.502502441 -6.48065185547 3 204 -258.763305664 79.2544555664 6 104 -271.992004395 40.8460693359 7 123 -65.1343994141 -91.6845703125 8 80 131.755981445 -162.888000488 9 83 73.0659179688 -104.33581543 11 97 16.4475097656 68.7290039063 12 72 241.278808594 -584.696289063 13 77 52.8276367188 -558.038696289 18 90 19.3184814453 129.48626709 21 101 -77.676574707 79.3123779297
-0.933287943745 1.72320639997 2.01934239821
168 133 90
4 0 213 288.107788086 27.6574707031 2 115 187.695068359 177.120574951 3 174 172.331054688 20.6802368164 6 163 60.7424316406 265.904602051
-0.935145297196 1.73740419537 2.00123307538
161 123 82
4 0 236 279.918334961 12.7807617188 2 117 177.871704102 163.262298584 1 155 259.378417969 -24.1984863281 3 177 162.745361328 9.87182617188
-1.01306049833 1.58962290995 1.7343111041
151 87 3
6 0 247 148.933105469 -37.8355102539 2 121 -22.7350463867 128.510192871 3 180 -54.625 9.03607177734 4 164 29.216796875 5.80322265625 5 104 8.99645996094 195.636932373 6 193 -34.5315551758 133.251922607
-1.27218346981 1.50689465536 1.47887726608
167 60 0
6 6 487 -330.299987793 -28.1417236328 8 768 151.180908203 -242.110412598 7 584 -63.4170532227 -160.403808594 9 611 87.5666503906 -180.888549805 10 536 234.187255859 -243.338928223 11 434 33.2080078125 2.29425048828
-1.19617108347 1.4895074495 1.44647117813
173 128 104
9 0 264 -90.4017944336 -100.12677002 2 152 -318.765258789 103.758483887 1 229 -310.867797852 -78.655456543 3 263 -336.882995605 25.8941040039 7 187 -4.17510986328 -161.418151855 8 219 209.724487305 -227.905273438 10 173 301.445556641 -234.437316895 19 305 175.140625 37.9244995117 21 178 -16.0974731445 20.9003295898
-1.16138644697 1.59568269624 2.05091631483
155 33 2
3 0 336 159.164672852 157.590423584 2 155 67.8140869141 343.165252686 1 298 134.527954102 165.1925354
-1.18553179056 1.53363624099 1.85250635509
155 106 71
13 6 287 -168.607788086 261.268188477 8 249 55.1414794922 67.0321044922 9 225 -13.1037597656 131.769439697 10 253 106.345092773 77.2427978516 11 284 -75.7816162109 286.831542969 12 204 209.607666016 -353.055969238 13 174 38.287109375 -339.789550781 14 182 -97.2334594727 -325.542297363 15 148 -76.934387207 -492.999267578 16 121 82.5704345703 -558.306274414 21 247 -134.157836914 271.636566162 20 423 199.088500977 162.620727539 22 468 143.440551758 183.279022217
-1.38550524095 1.58256329688 1.62827469376
91 16 0
4 0 244 -133.931335449 19.1212768555 2 165 -283.851135254 233.532684326 1 303 -252.925231934 46.4196166992 3 298 -256.907592773 129.453887939
-0.932147607344 1.76000957027 1.97819226807
168 130 86
5 0 314 275.111450195 -8.10961914063 2 175 168.875366211 140.319091797 1 241 249.663452148 -49.6524047852 3 260 151.404296875 -11.3698730469 6 243 58.1975097656 220.438171387
-0.958170390248 1.67978077401 1.96098069347
180 103 46
6 0 317 256.694091797 25.0483398438 2 177 141.192871094 179.034851074 1 235 216.324707031 -3.87780761719 3 243 123.041870117 31.0297851563 4 209 195.794433594 -20.5520629883 5 161 159.49230957 147.483947754
-1.08089293677 1.52424675713 1.86213911211
210 177 157
5 0 291 148.772705078 79.9923706055 2 191 3.97448730469 255.969512939 3 307 -8.87243652344 122.090576172 6 183 -80.9016113281 266.194274902 7 216 -54.4014282227 150.534088135
-1.41908475097 1.56052570606 1.52544083119
178 138 117
4 0 230 -200.141418457 -14.2116088867 2 193 -366.229675293 207.684173584 1 340 -345.159790039 18.5041503906 3 364 -336.920837402 115.975769043
-1.18551177199 1.53324735109 1.85248718584
155 106 71
11 6 286 -168.607788086 261.268188477 8 248 55.1414794922 67.0321044922 9 224 -13.1037597656 131.769439697 10 252 106.345092773 77.2427978516 11 285 -75.7816162109 286.831542969 13 173 38.287109375 -339.789550781 14 181 -97.2334594727 -325.542297363 15 147 -76.934387207 -492.999267578 16 120 82.5704345703 -558.306274414 17 178 117.394287109 -560.841186523 18 387 -31.7548217773 312.907409668
-1.16331683323 1.50684985773 1.55988805973
166 136 124
2 0 300 -20.5005493164 -51.979675293 2 199 -225.299499512 143.381317139
-1.22522472917 1.51198266723 1.54049725128
172 131 89
14 0 305 -70.1987915039 -44.850402832 2 204 -270.059387207 157.5440979 1 342 -250.613220215 -23.5109863281 3 345 -277.161071777 66.2138671875 6 154 -266.961791992 22.7884521484 7 173 -50.7947387695 -105.172180176 8 156 152.408447266 -174.931640625 9 126 92.7442626953 -116.758239746 10 143 229.113525391 -176.434997559 11 145 35.7526855469 59.7844848633 13 110 67.4125976563 -574.419799805 14 133 -38.3608398438 -575.243896484 12 122 259.065185547 -599.005859375 21 128 -62.9596557617 69.7505493164
-1.2365498516 1.50922585882 1.52079903567
167 127 85
12 0 316 -87.0501708984 -51.1585083008 2 213 -288.698547363 153.172607422 1 350 -271.005615234 -28.2965087891 3 357 -294.407897949 64.3488769531 7 180 -51.7311401367 -121.839111328 8 189 155.085205078 -194.05859375 9 132 95.6566162109 -135.010131836 10 171 233.852905273 -195.632873535 11 253 36.6072998047 42.6508789063 13 142 61.5059814453 -591.920166016 14 142 -40.7272949219 -593.908203125 19 281 128.7109375 30.2040405273
-1.28805267522 1.52334615299 1.53903134059
127 11 0
3 0 293 -113.359619141 -30.6884155273 2 215 -300.51739502 179.838775635 6 165 -325.92175293 19.4722290039
-1.25207531078 1.50770411373 1.50193109929
165 124 77
13 0 312 -105.526245117 -56.7687988281 2 223 -309.561584473 150.927947998 6 164 -302.685852051 -8.30480957031 7 188 -56.1283569336 -139.497375488 8 185 154.418823242 -214.976013184 9 152 93.3311767578 -155.788452148 10 161 235.277954102 -216.805236816 11 185 37.0856933594 24.5999145508 18 296 27.4788818359 96.2652587891 19 271 140.643188477 21.6074829102 20 270 86.9464111328 -3.22711181641 21 157 -68.5150146484 37.4837036133 22 270 111.283081055 11.6608886719
-1.19438168952 1.51918420736 1.58750742784
137 20 4
10 0 295 -29.2837524414 -30.2210693359 2 246 -221.475585938 165.429595947 6 199 -228.988647461 58.0685424805 7 213 -43.9030151367 -63.8240356445 8 215 148.755493164 -126.720458984 9 175 92.0174560547 -71.4700317383 10 222 222.794677734 -128.167663574 11 186 32.8135986328 97.1829223633 12 150 264.659057617 -549.74621582 13 139 80.9656982422 -531.474365234
-1.02848198396 1.58340285223 1.65218245527
142 90 50
4 0 333 108.895751953 -75.7487182617 2 263 -80.4608764648 95.2991333008 1 371 -40.008605957 -89.1909790039 3 433 -115.703857422 -13.8024291992
-1.20863348669 1.51733839309 1.57659379069
137 20 0
13 0 368 -45.5793457031 -32.3482055664 2 276 -237.893554688 166.735717773 1 447 -213.627563477 -13.2809448242 3 495 -244.836791992 70.4470825195 6 235 -242.684631348 49.8116455078 7 236 -50.5401611328 -76.3930664063 8 252 145.210571289 -141.115661621 9 205 88.2849121094 -82.2343139648 10 263 219.694091797 -141.995178223 12 167 257.888427734 -565.293579102 13 163 72.1016845703 -543.47644043 14 173 -35.171875 -542.083251953 21 231 -63.2712402344 95.6512451172
-1.02357375137 1.62715271401 1.4652025683
199 157 121
3 0 551 40.9039306641 -205.738037109 2 288 -183.185974121 -28.1486206055 3 370 -231.02355957 -114.829162598
-1.15757710316 1.51117845872 1.58821631625
185 102 0
5 0 373 -6.29254150391 -38.6700439453 2 295 -204.054321289 153.109832764 1 519 -178.618469238 -26.0093383789 3 591 -221.288696289 54.8148803711 6 190 -193.877075195 59.9332275391
-0.969406768989 1.65590749315 1.92827533882
206 157 125
6 0 649 240.549560547 21.1495361328 2 297 116.418579102 178.629486084 1 421 187.198608398 -3.28576660156 3 426 95.7690429688 34.5788574219 5 263 133.936279297 163.414550781 6 430 24.5432128906 237.614624023
-1.26622145878 1.53226081854 1.57221638005
141 10 0
2 1 556 -243.651428223 -0.399108886719 2 307 -267.657165527 181.623168945
-0.977699101106 1.65973594915 1.84799470254
165 33 1
3 0 835 208.891967773 -18.2349243164 2 305 68.2733154297 140.401245117 1 431 132.431152344 -45.2723388672
-0.954870000072 1.68224587123 1.97720969562
205 159 131
6 0 781 264.086914063 29.8489990234 2 316 152.173217773 183.687927246 1 433 228.7109375 1.51422119141 3 445 134.738769531 34.9049072266 4 478 206.004882813 -18.5718994141 5 239 170.880981445 147.119781494
-0.965649659716 1.66490298219 1.96147343481
198 156 126
2 1 1077 210.315185547 7.32061767578 5 604 157.024291992 160.348510742
-1.09767684733 1.52715592657 1.85331466785
159 113 83
4 0 436 135.253295898 78.7139892578 2 340 -10.1343383789 257.865234375 1 673 42.4406738281 85.7065429688 3 964 -22.0869750977 125.123748779
-1.11787653649 1.54689256003 1.950501571
198 153 129
5 0 596 154.082763672 122.565612793 2 344 34.1306152344 304.478271484 1 529 93.873046875 130.539611816 3 516 34.8828125 160.829864502 6 375 -100.855041504 318.400878906
-1.2081911733 1.49509375077 1.48120894381
207 154 133
2 11 714 81.734375 26.1108398438 21 586 -32.7229003906 40.3330688477
-1.27674890385 1.5237630631 1.54338934878
139 11 0
5 0 613 -104.192626953 -32.661315918 2 361 -292.094604492 175.485778809 1 655 -272.844787598 -7.34173583984 3 622 -289.240478516 83.2450561523 8 251 117.938476563 -196.283691406
-1.10558184681 1.57509962515 2.02196238916
170 127 102
3 0 890 185.521484375 140.504821777 2 367 83.8156738281 319.146820068 6 434 -80.15625 350.603118896
-1.08335750124 1.52569637483 1.43216719932
135 85 49
4 0 354 -17.2075805664 -163.741699219 2 372 -258.164306641 26.1572265625 1 490 -248.505004883 -163.382324219 3 457 -299.434814453 -51.5921630859
-1.05081661468 1.53852143744 1.66574601044
204 163 138
5 0 717 98.072265625 -41.7915649414 2 375 -92.0006713867 134.36605835 3 438 -123.699645996 26.0545654297 14 336 61.1682128906 -427.655761719 15 385 91.6781005859 -588.021118164
-1.22695345827 1.50272192347 1.50502460021
125 87 15
12 0 465 -88.0106811523 -60.7055664063 2 376 -294.680236816 143.956390381 1 546 -279.024353027 -36.9652099609 3 770 -303.054626465 57.5264892578 7 258 -40.6110229492 -129.451721191 8 298 168.6171875 -199.826904297 9 241 111.899414063 -142.775695801 10 262 250.346191406 -202.215332031 19 544 140.048583984 32.5068969727 21 262 -52.6398925781 47.7186279297 20 408 108.888671875 -5.37524414063 22 431 132.578491211 10.8460083008
-1.03825907214 1.56708443904 1.64185843563
189 153 100
3 0 562 98.5528564453 -70.3681030273 2 385 -94.4830932617 102.300964355 3 836 -129.558349609 -6.49829101563
-1.18587339825 1.82025815381 2.37431904104
163 127 75
6 7 107 -242.504333496 400.466003418 9 71 -282.376953125 391.060821533 11 95 -335.765441895 481.836425781 18 104 -246.428039551 438.243164063 2 110 223.225219727 379.055725098 21 94 -259.776733398 465.553283691
-0.976439731517 1.67818790048 1.81821226801
167 75 50
3 0 663 199.133422852 -41.6192626953 2 403 54.0626220703 116.519744873 3 560 27.0704345703 -16.2897338867
-1.07678555509 1.51943133988 1.66464087392
181 146 130
4 0 519 79.7021484375 -25.1965332031 2 413 -110.866394043 153.486480713 3 743 -137.741210938 44.9895629883 6 296 -105.481323242 114.066894531
-1.28109120761 1.56174854304 1.86373546341
132 73 31
