# Camera parameter file. 

# The format of each camera is as follows:
# Filename (of the undistorted image in visualize folder)
# Original filename
# Focal Length (of the undistorted image)
# 2-vec Principal Point (image center)
# 3-vec Translation T (as in P = K[R T])
# 3-vec Camera Position C (as in P = K[R -RC])
# 3-vec Axis Angle format of R
# 4-vec Quaternion format of R
# 3x3 Matrix format of R
# [Normalized radial distortion] = [radial distortion] * [focal length]^2
# 3-vec Lat/Lng/Alt from EXIF

# The nubmer of cameras in this reconstruction
23

00000000.jpg
C:\Users\Nanio\Desktop\Organizar\TCC parte 2\Fotos carrinho\20160229_141535.jpg
1640.59594727
1024 616
0.135700465778 0.707149790218 -0.325533084577
-0.496908480221 -0.167221168008 0.591238965886
0.915914982561 0.507430877204 0.213997436156
0.860593390517 0.436472085964 0.241812196189 0.101978796208
0.862256503714 0.0355639048973 0.505225734424
0.386613016853 0.598187478632 -0.701930892009
-0.327182176723 0.800569077293 0.50203995286
-0.265219465359
0 0 0

00000001.jpg
C:\Users\Nanio\Desktop\Organizar\TCC parte 2\Fotos carrinho\20160229_141633.jpg
1648.58825684
1024 616
-0.862625615111 0.520786835795 -0.588529796777
-0.0132711485454 0.25778262751 1.13801492956
0.868698795321 0.85692011553 0.170556410821
0.816171392536 0.407392803141 0.401868967488 0.0799856689939
0.664208710476 0.196873140693 0.721159213961
0.458001200075 0.655268323414 -0.600717447732
-0.590816605286 0.729291958063 0.345065934086
-0.126461654746
0 0 0

00000002.jpg
C:\Users\Nanio\Desktop\Organizar\TCC parte 2\Fotos carrinho\20160229_141530.jpg
1745.12731934
1024 616
-0.725598130136 0.752537174965 -0.178446027873
0.0103400575204 -0.134802189443 1.05183948979
1.03164643707 0.772874414184 0.298217202784
0.789044844407 0.479013836208 0.358860870101 0.138468142956
0.704092512536 0.125283374289 0.698971899558
0.562313671544 0.502745090811 -0.65654541249
-0.433657378091 0.855308178946 0.283529462594
0.000659696343297
0 0 0

00000003.jpg
C:\Users\Nanio\Desktop\Organizar\TCC parte 2\Fotos carrinho\20160229_141525.jpg
1656.10302734
1024 616
-1.2437522698 0.488702351558 -0.107747501109
0.314497221683 0.00210329967842 1.30324390533
0.896535749194 1.00433742101 0.284547104445
0.772510935472 0.413730302169 0.463478255103 0.131311840726
0.535890420385 0.180630101043 0.824739174173
0.586389432715 0.623169854843 -0.517501681127
-0.607428907508 0.76094304992 0.228032306465
-0.0705812686492
0 0 0

00000004.jpg
C:\Users\Nanio\Desktop\Organizar\TCC parte 2\Fotos carrinho\20160229_141514.jpg
1786.18652344
1024 616
-2.3363596035 0.161470401392 1.6881332448
0.788555998598 -2.22044604925e-016 2.77715821998
0.975357237744 1.75509268882 0.274623455898
0.529065821216 0.408404152783 0.734897035563 0.114991057123
-0.106591327955 0.47859281214 0.871543010096
0.721944164415 0.639967382656 -0.263133658585
-0.683692604421 0.601157055335 -0.413733481987
0.0827940931503
0 0 0

00000005.jpg
C:\Users\Nanio\Desktop\Organizar\TCC parte 2\Fotos carrinho\20160229_141509.jpg
1829.7109375
1024 616
-2.50796244568 -0.638824221648 2.23874549878
0.766475916801 0.669550312547 3.26713614659
0.829822840635 2.10249681842 0.250736579856
0.420230675326 0.331104442889 0.838909226944 0.100045445268
-0.427551194928 0.471447683928 0.771321451756
0.639616344042 0.760719232052 -0.110422732769
-0.638820112148 0.446138241786 -0.626792755184
-0.125184447151
0 0 0

00000006.jpg
C:\Users\Nanio\Desktop\Organizar\TCC parte 2\Fotos carrinho\20160229_141629.jpg
1200.32348633
1024 616
0.671589234526 0.861352115987 -0.864243689698
-0.824518726312 0.396463871286 1.05017258598
1.15042209624 0.137374949413 0.0168947528924
0.836813690684 0.543567870561 0.0649088790674 0.00798267425792
0.991446893366 0.0572045876982 0.117311901442
0.0839246321274 0.4089399638 -0.908693122547
-0.09995465316 0.91076702106 0.400641754501
-0.303081430978
0 0 0

00000007.jpg
C:\Users\Nanio\Desktop\Organizar\TCC parte 2\Fotos carrinho\20160229_141623.jpg
1677.39831543
1024 616
1.64933407373 0.973344743039 0.691890853306
-1.08225378439 -0.768067113567 1.54442124146
1.50426847688 -0.323461197217 -0.351761277076
0.704430839796 0.676458370887 -0.145458099985 -0.158184435883
0.907637655715 0.0260661919914 -0.418939589646
-0.419653788057 0.0347620487107 -0.907017476371
-0.00907890353433 0.999055076794 0.0424915277985
-0.143855964006
0 0 0

00000008.jpg
C:\Users\Nanio\Desktop\Organizar\TCC parte 2\Fotos carrinho\20160229_141604.jpg
1703.91552734
1024 616
2.57725300227 0.854812296415 2.03940101383
-2.35875114885 0.0596361895722 2.44230185766
1.63150513823 -0.969754489527 0.118325653868
0.581015997157 0.698275899817 -0.415049988449 0.0506427779418
0.650337092702 -0.638487298714 -0.411575942174
-0.520790242215 0.0196924977197 -0.853457674586
0.553026789462 0.769380198307 -0.319711234612
-0.118285326333
0 0 0

00000009.jpg
C:\Users\Nanio\Desktop\Organizar\TCC parte 2\Fotos carrinho\20160229_141558.jpg
1745.78259277
1024 616
2.39081764961 0.569312331161 1.07441993243
-2.26437887877 -0.117985328223 1.43288580496
1.24838913039 -0.701779827357 0.0633707795632
0.753937574794 0.57210451461 -0.321607580296 0.0290411925255
0.791451081702 -0.411777021106 -0.451715120194
-0.324196036059 0.343706390304 -0.881342164287
0.518173036302 0.843982196808 0.138529994742
-0.202669984784
0 0 0

00000010.jpg
C:\Users\Nanio\Desktop\Organizar\TCC parte 2\Fotos carrinho\20160229_141601.jpg
1816.20324707
1024 616
2.65866138472 0.64858591589 1.60531662355
-2.5660826613 -2.22044604925e-016 1.8658524988
1.32927056582 -0.869838061105 0.127076173287
0.698980236232 0.59650169297 -0.390334285134 0.0570246227148
0.688774656702 -0.545388378733 -0.477641550543
-0.385952041708 0.281868410578 -0.878403174561
0.613702252786 0.7893684025 -0.0163495847069
-0.193897555189
0 0 0

00000011.jpg
C:\Users\Nanio\Desktop\Organizar\TCC parte 2\Fotos carrinho\20160229_141556.jpg
1750.69042969
1024 616
2.34153894111 0.204950023482 1.03685225392
-2.32999067328 0.000199330090182 1.08213347922
1.14591509846 -0.714411832536 0.0629206298269
0.780132262535 0.530315841243 -0.330621275934 0.0291189170847
0.779683486857 -0.396100449828 -0.484972273724
-0.305234023156 0.435833477043 -0.846687902114
0.546741022423 0.808178086235 0.218908424291
-0.0540421157017
0 0 0

00000012.jpg
C:\Users\Nanio\Desktop\Organizar\TCC parte 2\Fotos carrinho\20160229_141606.jpg
1804.88244629
1024 616
2.52672323037 1.81344630666 1.99597832874
-2.26439282855 0 2.92050747028
1.72018216093 -0.752831351119 0.185897863058
0.587004300934 0.738058355081 -0.323008505308 0.0797610126054
0.778607782425 -0.57043844267 -0.261478307918
-0.383158212885 -0.10218341394 -0.918014092894
0.496951219498 0.814959622196 -0.298128171227
-0.0331814154245
0 0 0

00000013.jpg
C:\Users\Nanio\Desktop\Organizar\TCC parte 2\Fotos carrinho\20160229_141608.jpg
1739.21350098
1024 616
1.93540758247 2.18014716739 1.43256558249
-1.47991213659 -0.40421967291 2.86313614954
1.81718581406 -0.373561720845 -0.0382480212893
0.599604155616 0.783737684395 -0.161114177652 -0.0164960651827
0.94754004745 -0.232760317772 -0.21906672722
-0.272324754712 -0.229034050925 -0.934550020113
0.167352194576 0.945179469792 -0.280405422796
-0.0864598454922
0 0 0

00000014.jpg
C:\Users\Nanio\Desktop\Organizar\TCC parte 2\Fotos carrinho\20160229_141620.jpg
1792.04980469
1024 616
1.56242096412 1.8740175409 0.718388464363
-0.760047890821 -0.605130762615 2.35060149666
1.64193026684 -0.22802296526 -0.334997755224
0.663282927126 0.726567131608 -0.100901965909 -0.148239156695
0.935687588214 0.0500246657688 -0.349264698098
-0.343273341302 -0.0997490623847 -0.933923912343
-0.0815584928944 0.993754382884 -0.0761615601598
-0.0287139179594
0 0 0

00000015.jpg
C:\Users\Nanio\Desktop\Organizar\TCC parte 2\Fotos carrinho\20160229_141617.jpg
1823.30664063
1024 616
1.64342828486 2.37795094167 1.13136064156
-0.695896507457 -0.183748238234 3.01951224902
1.92359061622 -0.222266079133 -0.321611485711
0.555811277401 0.814654116188 -0.0941312432739 -0.136204719673
0.945174500821 -0.00196075072794 -0.326557686796
-0.304777227646 -0.364425954988 -0.879945752166
-0.117280860526 0.931230027667 -0.345043841488
-0.151729266622
0 0 0

00000016.jpg
C:\Users\Nanio\Desktop\Organizar\TCC parte 2\Fotos carrinho\20160229_141610.jpg
1808.33618164
1024 616
1.90233621293 2.63122315753 1.8127137512
-1.42234135874 -0.287711642175 3.42378685814
1.95156699067 -0.333293550214 -0.0297272529666
0.548670674431 0.824013866686 -0.140727173787 -0.012551794932
0.960076314972 -0.218148584614 -0.175111324087
-0.245695791777 -0.35831254071 -0.900691912525
0.133740169323 0.907757063375 -0.39760573834
-0.116507754987
0 0 0

00000017.jpg
C:\Users\Nanio\Desktop\Organizar\TCC parte 2\Fotos carrinho\20160229_141614.jpg
1705.59997559
1024 616
1.99584615491 2.49820369465 2.04479066987
-1.16742383094 0.641061888222 3.55411676654
2.3122567637 -0.384813510275 -0.126362210561
0.386713435358 0.908369379558 -0.151173872669 -0.0496413567076
0.949364673009 -0.236249230545 -0.207107667506
-0.313037148898 -0.6551988536 -0.68754851585
0.0267362030387 0.717566057522 -0.695976695064
-0.122129586622
0 0 0

00000018.jpg
C:\Users\Nanio\Desktop\Organizar\TCC parte 2\Fotos carrinho\20160229_141549.jpg
1817.00817871
1024 616
2.27617412788 0.277284705526 0.952149727766
-2.40644792834 0.352353407238 0.499297643474
0.903749986336 -0.568590136745 0.327770166289
0.848074237879 0.428750603093 -0.269746464982 0.155498377424
0.806114314603 -0.495056200445 -0.324189926825
0.0324404712559 0.583986221362 -0.811115255297
0.590870184016 0.643334108536 0.486819115851
0.0500536553338
0 0 0

00000019.jpg
C:\Users\Nanio\Desktop\Organizar\TCC parte 2\Fotos carrinho\20160229_141432.jpg
1472.36230469
1024 616
2.20972314812 -1.34902625217 2.93178682903
-3.23154648021 0.506434366817 2.14447080248
0.749368269032 -1.60411659569 -0.115419009093
0.631632541651 0.327435204848 -0.700916048648 -0.050432141909
0.0123469689251 -0.395299448993 -0.918469076711
-0.522717776893 0.780485371824 -0.342940157603
0.852416464456 0.484334765056 -0.196993670058
-0.17328981298
0 0 0

00000020.jpg
C:\Users\Nanio\Desktop\Organizar\TCC parte 2\Fotos carrinho\20160229_141540.jpg
1717.19958496
1024 616
1.11853474104 0.306032937209 -0.423393358756
-1.19079375663 0.237924572953 0.222350062048
0.776140481842 0.186894868154 0.226714990625
0.915137835429 0.377029353951 0.0907887850787 0.110132390265
0.959256716233 -0.133112536257 0.249214731424
0.270032732693 0.691439798864 -0.67007026006
-0.0831222776084 0.710065047413 0.699212516235
0.0826159550135
0 0 0

00000021.jpg
C:\Users\Nanio\Desktop\Organizar\TCC parte 2\Fotos carrinho\20160229_141627.jpg
1175.58239746
1024 616
1.72742263305 0.366355516749 -0.0498551713851
-1.3913947727 -0.000829413387309 1.08844428613
1.30377453802 -0.401222192397 -0.280618707987
0.76719527055 0.600467754296 -0.184787309321 -0.129242043378
0.898300317131 -0.0236098241156 -0.438747169579
-0.420225361859 0.245469797914 -0.873587472298
0.128324629496 0.969116612556 0.210584217573
-0.329505058683
0 0 0

00000022.jpg
C:\Users\Nanio\Desktop\Organizar\TCC parte 2\Fotos carrinho\20160229_141546.jpg
1811.63879395
1024 616
1.7237919191 0.310590339568 0.253576628591
-1.768186654 0.0521060335767 0.0550106619402
0.817717725264 -0.105206335805 0.241294806864
0.909165253775 0.396402698239 -0.0510005764783 0.116971797916
0.967433203678 -0.253126918684 5.55111512313e-017
0.172259858663 0.658365015836 -0.732722433411
0.185471808226 0.708859805554 0.680527615171
-0.0397391404575
0 0 0

