# Camera parameter file. 

# The format of each camera is as follows:
# Filename (of the undistorted image in visualize folder)
# Original filename
# Focal Length (of the undistorted image)
# 2-vec Principal Point (image center)
# 3-vec Translation T (as in P = K[R T])
# 3-vec Camera Position C (as in P = K[R -RC])
# 3-vec Axis Angle format of R
# 4-vec Quaternion format of R
# 3x3 Matrix format of R
# [Normalized radial distortion] = [radial distortion] * [focal length]^2
# 3-vec Lat/Lng/Alt from EXIF

# The nubmer of cameras in this reconstruction
53

00001.jpg
C:\Users\Nanio\Desktop\Organizar\TCC parte 2\Fotos livros biblioteca\2016-03-14 16.15.03.jpg
617.176269531
320 240
0.262148564557 -0.12987983866 0.330394828608
-0.139679842738 0.409215493422 0.0882237617265
-1.43379134362 0.232985532162 0.263995142993
0.739684110093 -0.653536885639 0.106197209075 0.120331709591
0.948485202706 -0.316822398513 -0.000177576523686
0.0392074155873 0.116820735568 0.992379690488
-0.314387128879 -0.941263708178 0.123224392621
0.023669028038
0 0 0

00002.jpg
C:\Users\Nanio\Desktop\Organizar\TCC parte 2\Fotos livros biblioteca\2016-03-14 16.15.16.jpg
622.270324707
320 240
0.695256521843 -0.129519451996 0.783928828195
-1.02105141712 0.237590499587 0.125325495466
-1.3874036081 -0.541380501096 -0.432773472196
0.714107903442 -0.626239746665 -0.244365796569 -0.195343264216
0.804252564609 0.585055471733 -0.104343675597
0.0270707962889 0.139329619725 0.989876261738
0.593670511046 -0.798934748435 0.0962182067016
0.00291611585775
0 0 0

00003.jpg
C:\Users\Nanio\Desktop\Organizar\TCC parte 2\Fotos livros biblioteca\2016-03-14 16.15.07.jpg
616.117614746
320 240
0.329590630476 -0.161904652071 0.417177212614
-0.251261995303 0.485523564708 0.100070081217
-1.44226963194 0.152706722849 0.122865517673
0.746664240806 -0.659142598317 0.0697896591943 0.0561517033772
0.983953447878 -0.175855841463 0.0301951503191
-0.00814996557467 0.124755884184 0.99215422476
-0.178242621275 -0.976478606262 0.121320621934
0.0130423049811
0 0 0

00004.jpg
C:\Users\Nanio\Desktop\Organizar\TCC parte 2\Fotos livros biblioteca\2016-03-14 16.15.10.jpg
635.008728027
320 240
0.507437528527 -0.157542742313 0.545413789154
-0.533036328942 0.528429098455 0.12815417334
-1.47443513257 -0.0783994538309 -0.012866962342
0.73962265137 -0.672047062251 -0.0357344460026 -0.00586475732368
0.997377793869 0.0567059989547 -0.04497731497
0.0393551695092 0.0966369996246 0.994541742048
0.0607427078208 -0.993703178062 0.0941518721845
0.0330701092568
0 0 0

00005.jpg
C:\Users\Nanio\Desktop\Organizar\TCC parte 2\Fotos livros biblioteca\2016-03-14 16.15.13.jpg
620.780883789
320 240
0.631557286381 -0.168991584991 0.63789851484
-0.844531537825 0.328922562124 0.113636699574
-1.4294565786 -0.335993178081 -0.333587831
0.7296992754 -0.649089138672 -0.15256813381 -0.151475911292
0.907557076494 0.41912470061 -0.0260152159525
-0.0230027502301 0.111475699623 0.993500908193
0.41930021081 -0.901058588443 0.110811353959
0.0158395019109
0 0 0

00006.jpg
C:\Users\Nanio\Desktop\Organizar\TCC parte 2\Fotos livros biblioteca\2016-03-14 16.15.00.jpg
641.733520508
320 240
0.00793433978367 -0.105451178883 0.285277474075
0.168893211431 0.24394226776 0.067330131172
-1.35552531399 0.544799162882 0.465799251241
0.72021454814 -0.613288266928 0.246486680094 0.210744286796
0.789662614924 -0.605897081645 0.0965528099734
0.00122732350674 0.158929238883 0.987289526559
-0.613540361732 -0.779507001621 0.1262441276
0.0224204294457
0 0 0

00007.jpg
C:\Users\Nanio\Desktop\Organizar\TCC parte 2\Fotos livros biblioteca\2016-03-14 16.15.19.jpg
637.615905762
320 240
0.811710324772 -0.212040842759 0.739905307333
-1.02834722429 0.188610368515 0.397771126576
-1.56373639016 -0.583774996088 -0.309791333099
0.660863378694 -0.691302736276 -0.25807754728 -0.136953771488
0.829279956045 0.537835002107 -0.151755212298
0.175804073504 0.00668852962609 0.984402641539
0.530460787144 -0.843024006446 -0.089006864475
0.00157529287287
0 0 0

00008.jpg
C:\Users\Nanio\Desktop\Organizar\TCC parte 2\Fotos livros biblioteca\2016-03-14 16.15.46.jpg
632.744018555
320 240
0.347494000601 -0.13124832801 0.29950433957
0.150020199057 0.217874693215 0.397121804455
-1.82784105632 -0.38090885575 1.35276712122
0.405901670182 -0.724518339366 -0.150984381636 0.536208870474
0.379366599694 -0.216514359179 -0.899556886106
0.654077945188 -0.624895313797 0.426247809512
-0.654417635395 -0.750085006591 -0.0954466224712
0.0121400319678
0 0 0

00009.jpg
C:\Users\Nanio\Desktop\Organizar\TCC parte 2\Fotos livros biblioteca\2016-03-14 16.15.49.jpg
625.620910645
320 240
0.311577396834 -0.172003252664 0.127929208925
0.152914955875 0.0132734842049 0.345647287717
-1.82188179355 -0.369889372564 1.66295731014
0.3180284738 -0.692497246916 -0.14059494588 0.632090052761
0.161390234579 -0.207323026379 -0.964869363566
0.596767512755 -0.758182158127 0.262731104543
-0.786016579318 -0.618204265646 0.00136036413728
0.0244306545305
0 0 0

00010.jpg
C:\Users\Nanio\Desktop\Organizar\TCC parte 2\Fotos livros biblioteca\2016-03-14 16.14.48.jpg
624.470458984
320 240
-0.175441705156 -0.17768771229 0.21676456024
0.284981021997 -0.00479924476132 0.167637792877
-1.3682033319 0.725684378813 0.734387141112
0.65469388083 -0.603380527409 0.32002832694 0.323866263292
0.585384990128 -0.810264733988 0.0282122160331
0.0378683091521 0.0620845395428 0.997352201303
-0.809870133326 -0.582765955125 0.0670267807167
0.0198458078771
0 0 0

00011.jpg
C:\Users\Nanio\Desktop\Organizar\TCC parte 2\Fotos livros biblioteca\2016-03-14 16.15.21.jpg
628.057617188
320 240
0.763148939975 -0.237817898375 0.92967613627
-1.00177201281 0.237744794267 0.665719754646
-1.79777019917 -0.709718002417 -0.268923380176
0.560585351283 -0.76289926948 -0.301174947628 -0.114119952805
0.792539812238 0.587479917032 -0.163544837435
0.331584021706 -0.190074924064 0.924080757163
0.511792217819 -0.786599862736 -0.345441143883
-0.00977566459684
0 0 0

00012.jpg
C:\Users\Nanio\Desktop\Organizar\TCC parte 2\Fotos livros biblioteca\2016-03-14 16.15.23.jpg
621.176757813
320 240
0.778982717895 -0.225939936939 0.933915043808
-1.018774666 0.231236791795 0.662334620957
-1.78940455114 -0.72057826728 -0.266417749785
0.562263748433 -0.759884662288 -0.305999206795 -0.113136384779
0.787129832187 0.592273111883 -0.172163913315
0.337823160723 -0.180448271151 0.923750434626
0.516045130805 -0.785271959753 -0.342119469829
-0.00228635871973
0 0 0

00013.jpg
C:\Users\Nanio\Desktop\Organizar\TCC parte 2\Fotos livros biblioteca\2016-03-14 16.15.26.jpg
617.280578613
320 240
0.620702450226 -0.531085766883 0.95360202909
-0.893094815594 0.296970521871 0.831186449733
-2.07485034538 -0.264807933436 -0.351396283286
0.48843934122 -0.853614708698 -0.108944699296 -0.144568034347
0.934461930983 0.327219155202 0.140385123524
0.044768293371 -0.499115793522 0.865378370284
0.353236632138 -0.802377653606 -0.481054177254
-0.0118814082991
0 0 0

00014.jpg
C:\Users\Nanio\Desktop\Organizar\TCC parte 2\Fotos livros biblioteca\2016-03-14 16.16.57.jpg
643.920349121
320 240
-0.400430334279 -0.468280189643 1.04701834635
-1.09333747538 0.0886803846666 0.52213552933
-2.09900117792 0.856967152924 -1.79084645292
0.125878775489 -0.720728869942 0.294254702762 -0.614918540225
0.0705825851774 -0.269345733205 0.96045293764
-0.578966504682 -0.795135625126 -0.180437163394
0.812291250977 -0.543335033827 -0.212065095576
0.00687724909689
0 0 0

00015.jpg
C:\Users\Nanio\Desktop\Organizar\TCC parte 2\Fotos livros biblioteca\2016-03-14 16.15.29.jpg
635.311279297
320 240
0.378405452601 -0.666653151482 1.05370537901
-0.771822210371 0.356242143675 0.987570771132
-2.24159102674 0.139044489121 -0.410880164676
0.416150991535 -0.892733867137 0.0553757233128 -0.163636735678
0.94031304011 0.0373234601815 0.33825712218
-0.235066899035 -0.647503935427 0.724901453956
0.246078473526 -0.761146881987 -0.600082513663
-0.0522193368558
0 0 0

00016.jpg
C:\Users\Nanio\Desktop\Organizar\TCC parte 2\Fotos livros biblioteca\2016-03-14 16.15.32.jpg
631.571044922
320 240
0.506353809797 -0.55917022393 0.972075652525
-0.527067397649 0.381760756813 1.04424915821
-2.28615085981 0.0492369350462 -0.0191538105775
0.414520105996 -0.909797008144 0.0195943395437 -0.00762245390902
0.999116348393 -0.0293346460735 0.030114135441
-0.0419732876828 -0.655579111454 0.753959765225
-0.00237485537731 -0.754556843779 -0.656229563838
-0.0109953863532
0 0 0

00017.jpg
C:\Users\Nanio\Desktop\Organizar\TCC parte 2\Fotos livros biblioteca\2016-03-14 16.15.35.jpg
638.733459473
320 240
0.505030851373 -0.495015899811 0.92448471384
-0.305619192727 0.401005286875 1.04907638912
-2.30783533278 0.095280219415 0.237725751773
0.398421173672 -0.911606298971 0.0376361549511 0.0939028403222
0.979531171348 -0.143444651987 -0.141214942258
0.00620686742231 -0.679688132915 0.733475064662
-0.201195106371 -0.71933794159 -0.664885311912
-0.0125946088254
0 0 0

00018.jpg
C:\Users\Nanio\Desktop\Organizar\TCC parte 2\Fotos livros biblioteca\2016-03-14 16.15.39.jpg
621.207519531
320 240
0.514312518463 -0.346582238716 0.622321368537
0.0359489094252 0.296068088924 0.826421322484
-2.18263144087 -0.0844066929807 0.82606412536
0.392337246918 -0.859707088661 -0.0332465806764 0.325374761383
0.786051840098 -0.198148555887 -0.58554244359
0.312477996502 -0.689932366245 0.652955021854
-0.533366955861 -0.696225427429 -0.480405412577
-0.0359905213035
0 0 0

00019.jpg
C:\Users\Nanio\Desktop\Organizar\TCC parte 2\Fotos livros biblioteca\2016-03-14 16.15.41.jpg
626.765197754
320 240
0.437105598492 -0.327021485662 0.567977805107
0.211843516509 0.278534201837 0.705793359431
-2.07184917139 -0.112410658592 1.05126932381
0.396578563957 -0.817688545115 -0.0443646714967 0.414900319862
0.651779859721 -0.256528179425 -0.713706154258
0.40163411272 -0.68151428724 0.611741291047
-0.643329843408 -0.685369704897 -0.341167342921
-0.0454992719123
0 0 0

00020.jpg
C:\Users\Nanio\Desktop\Organizar\TCC parte 2\Fotos livros biblioteca\2016-03-14 16.15.56.jpg
626.362548828
320 240
0.514371649489 -0.441384500211 0.630030269529
0.204305809299 0.141422331885 0.891400419778
-2.23006432241 -0.0855846244817 1.03653877799
0.333919291701 -0.854262249542 -0.0327845762569 0.397062963308
0.682531968286 -0.209162294171 -0.70028761756
0.321185639703 -0.774846352468 0.544474711258
-0.65649800763 -0.596543869918 -0.461677242337
-0.061539679448
0 0 0

00021.jpg
C:\Users\Nanio\Desktop\Organizar\TCC parte 2\Fotos livros biblioteca\2016-03-14 16.13.36.jpg
628.735229492
320 240
-0.13144814633 0.298839274075 0.216285743033
-0.164819467785 0.0164528790661 -0.354861778694
-0.767685639329 -0.0951476639823 1.42478665758
0.689050052349 -0.343165175221 -0.042532207338 0.63689762834
0.185105098041 -0.84851692061 -0.495735598805
0.906900455985 -0.0468022414485 0.418738790391
-0.378508320034 -0.527093137409 0.760857041974
0.0419309998237
0 0 0

00022.jpg
C:\Users\Nanio\Desktop\Organizar\TCC parte 2\Fotos livros biblioteca\2016-03-14 16.13.39.jpg
655.825195313
320 240
-0.204976428457 0.413840426575 0.316445849117
-0.329115226412 0.0192529701456 -0.452470545738
-0.606688647841 -0.268438981468 1.52742700915
0.672924754555 -0.269488526342 -0.119239457976 0.678476604526
0.0509033256672 -0.848860395578 -0.526161479692
0.97739441471 -0.065908746772 0.200888442808
-0.205204747725 -0.524493558969 0.826316322276
0.0214599898293
0 0 0

00023.jpg
C:\Users\Nanio\Desktop\Organizar\TCC parte 2\Fotos livros biblioteca\2016-03-14 16.13.42.jpg
662.387512207
320 240
-0.307333018406 0.525088329748 0.496966832435
-0.612032160834 0.0418287250862 -0.490728290384
-0.329118271888 -0.551767661413 1.63932077448
0.636873207767 -0.144111317535 -0.241603008558 0.717810880924
-0.147248919518 -0.844673667654 -0.514630135645
0.983944405563 -0.0720411925821 -0.163289306402
0.100851796619 -0.530411854698 0.841720043185
0.0129332863884
0 0 0

00024.jpg
C:\Users\Nanio\Desktop\Organizar\TCC parte 2\Fotos livros biblioteca\2016-03-14 16.14.02.jpg
653.188964844
320 240
-0.671337509441 0.188787335884 0.462383664065
-0.745221828301 0.0793118483075 -0.372141444562
-0.0839623858916 -1.17506751066 2.17300306215
0.328670724272 -0.0320809869669 -0.448978731301 0.830277536492
-0.781892440869 -0.516968638583 -0.34840498219
0.574583038479 -0.380784794455 -0.72446978523
0.241859677008 -0.766646110117 0.594775015297
-0.00484832217689
0 0 0

00025.jpg
C:\Users\Nanio\Desktop\Organizar\TCC parte 2\Fotos livros biblioteca\2016-03-14 16.13.46.jpg
641.714599609
320 240
-0.470419565524 0.470878223373 0.654499828311
-0.866233390563 0.0877450467958 -0.336648007658
0.0220640430139 -0.975725389886 1.80761434515
0.517276020864 0.00919201769634 -0.406493272558 0.753063390888
-0.464681899931 -0.786556165477 -0.406694803612
0.77161037171 -0.134377561537 -0.621739638349
0.434382086535 -0.602720396998 0.66935738851
0.0214007883402
0 0 0

00026.jpg
C:\Users\Nanio\Desktop\Organizar\TCC parte 2\Fotos livros biblioteca\2016-03-14 16.13.49.jpg
638.604980469
320 240
-0.554551746095 0.456992950552 0.800656324435
-1.02463445365 0.0474018653327 -0.324497237007
0.22427146105 -1.02139813893 1.8257638133
0.495819863842 0.0925664261515 -0.421574706635 0.753570830648
-0.491187890659 -0.825318029598 -0.278539580313
0.669223516992 -0.152874986352 -0.727165148891
0.55756087426 -0.543580057648 0.627412226532
-0.00498768239961
0 0 0

00027.jpg
C:\Users\Nanio\Desktop\Organizar\TCC parte 2\Fotos livros biblioteca\2016-03-14 16.16.45.jpg
626.078430176
320 240
-0.390168887048 -0.536304929518 0.832698622559
-1.03374093166 -0.0495518155316 -0.249331572466
-1.18310815725 0.41982129962 -2.46616556845
0.186053511396 -0.420066008328 0.149058779167 -0.87561929133
-0.577857727646 0.20059409612 0.791101163391
-0.451054079072 -0.886329822674 -0.104730473788
0.680169526317 -0.417349497259 0.602651186731
0.0483373196624
0 0 0

00028.jpg
C:\Users\Nanio\Desktop\Organizar\TCC parte 2\Fotos livros biblioteca\2016-03-14 16.13.52.jpg
636.87689209
320 240
-0.575351746361 0.441634665355 0.909094646959
-1.11075973144 -0.0421690247543 -0.341992892191
0.377014155929 -0.959642916827 1.79691249658
0.509793979457 0.156559175111 -0.398502021998 0.746187202221
-0.431198637063 -0.885582095544 -0.172663035106
0.636024877418 -0.162612292269 -0.754340107027
0.639952691357 -0.435088407426 0.633370535296
-0.0091531462015
0 0 0

00029.jpg
C:\Users\Nanio\Desktop\Organizar\TCC parte 2\Fotos livros biblioteca\2016-03-14 16.13.56.jpg
633.484680176
320 240
-0.597380704616 0.545241396435 0.648449214349
-0.938343422781 -0.129997284592 -0.42101081143
0.0401457828488 -0.81142592836 1.75253389076
0.568724911761 0.0170944310769 -0.345512370717 0.7462445039
-0.352519602373 -0.860628073464 -0.367489236698
0.837003285067 -0.114346455757 -0.535117854664
0.418516733497 -0.49622973944 0.760658159162
-0.00563369247082
0 0 0

00030.jpg
C:\Users\Nanio\Desktop\Organizar\TCC parte 2\Fotos livros biblioteca\2016-03-14 16.16.49.jpg
639.848937988
320 240
0.053485118682 -0.596832373581 0.67119810119
-0.892930021811 0.0408505586284 -0.102879149795
-1.20901022968 0.0859580663183 -1.70169549009
0.502236939353 -0.500409170897 0.0355780320482 -0.704331533686
0.00530243674534 0.671875672415 0.740644828637
-0.74308958266 -0.492984890407 0.452530134575
0.66917042094 -0.552765747089 0.496650226667
0.0132877116225
0 0 0

00031.jpg
C:\Users\Nanio\Desktop\Organizar\TCC parte 2\Fotos livros biblioteca\2016-03-14 16.14.09.jpg
633.328491211
320 240
-0.509132526589 0.495930688192 0.468348896096
-0.680554727755 -0.267315324197 -0.43577707128
-0.0385581565064 -0.445850196811 1.72099458405
0.630100571587 -0.0168375167293 -0.194693181099 0.751521279164
-0.205379403669 -0.940511374176 -0.270660177675
0.953624576069 -0.130135826563 -0.271413373218
0.220044961104 -0.313850688879 0.923622151489
0.019601021122
0 0 0

00032.jpg
C:\Users\Nanio\Desktop\Organizar\TCC parte 2\Fotos livros biblioteca\2016-03-14 16.14.21.jpg
634.535400391
320 240
-0.405144684193 0.464799905911 0.383643695939
-0.399304318929 -0.292106019966 -0.531595339058
-0.306411958196 -0.112886148258 1.53427107256
0.70787019185 -0.137974530219 -0.0508316103779 0.690868371166
0.0402342473825 -0.964063489427 -0.262608856387
0.992117016334 0.00732809528864 0.125100260989
-0.118680129227 -0.265571967716 0.956758491367
0.00254897321221
0 0 0

00033.jpg
C:\Users\Nanio\Desktop\Organizar\TCC parte 2\Fotos livros biblioteca\2016-03-14 16.14.19.jpg
627.634216309
320 240
-0.497585853389 0.4612510867 0.342907099884
-0.393375408668 -0.363069037697 -0.539783643478
-0.35514014125 -0.147008069129 1.53386642414
0.703386331081 -0.159639326799 -0.0660817138472 0.689489513878
0.0404738673586 -0.948856152528 -0.313101349646
0.991053845415 -0.00176183664575 0.133450771347
-0.127177452628 -0.315701710147 0.940297292295
0.0260166415074
0 0 0

00034.jpg
C:\Users\Nanio\Desktop\Organizar\TCC parte 2\Fotos livros biblioteca\2016-03-14 16.14.13.jpg
629.686889648
320 240
-0.620030916005 0.456397413019 0.658781821171
-0.844723322932 -0.379074264969 -0.411673935973
0.257779781644 -0.590141507773 1.71267362509
0.609891634718 0.111647561833 -0.25559747184 0.741779798393
-0.231133963197 -0.961884090559 -0.146137893852
0.847737084812 -0.125404097286 -0.515379745215
0.477409145868 -0.24300808922 0.844409284877
0.0113500465648
0 0 0

00035.jpg
C:\Users\Nanio\Desktop\Organizar\TCC parte 2\Fotos livros biblioteca\2016-03-14 16.16.42.jpg
625.498657227
320 240
-0.244386032351 -0.651110940225 0.884193013933
-0.984894324108 -0.377929831248 -0.390665858386
-1.04005289765 0.0210126266745 -2.54675765805
0.194046805742 -0.370874579191 0.00749293530471 -0.908153495711
-0.649595963619 0.346890864838 0.676529401016
-0.358006275026 -0.924579193858 0.130324843241
0.67071348037 -0.15754326645 0.724791808751
-0.00321976020251
0 0 0

00036.jpg
C:\Users\Nanio\Desktop\Organizar\TCC parte 2\Fotos livros biblioteca\2016-03-14 16.14.24.jpg
639.944580078
320 240
-0.397774585794 0.272824095328 0.208026462003
-0.151791410986 -0.301353103522 -0.402589708249
-0.549199791083 0.0703477672789 1.54096342267
0.683164466166 -0.24493506438 0.0313740740387 0.687247120752
0.0534139923625 -0.954374627728 -0.293794433016
0.923636621765 -0.0646037451467 0.377785435779
-0.379529043184 -0.291538294232 0.878044504113
0.000965518684729
0 0 0

00037.jpg
C:\Users\Nanio\Desktop\Organizar\TCC parte 2\Fotos livros biblioteca\2016-03-14 16.14.30.jpg
636.286437988
320 240
-0.44958876931 0.315826617559 0.166324827772
-0.131125431899 -0.441543893885 -0.342616253077
-0.525433582811 0.387527305745 1.45445617326
0.698758445561 -0.235764672607 0.173885437388 0.652621748452
0.0876969066675 -0.994041760382 -0.0647225410666
0.83005807357 0.036999210798 0.556447970119
-0.550738212806 -0.102522254478 0.828357343506
0.00417902264768
0 0 0

00038.jpg
C:\Users\Nanio\Desktop\Organizar\TCC parte 2\Fotos livros biblioteca\2016-03-14 16.14.15.jpg
631.44921875
320 240
-0.633130983867 0.463182356763 0.523153868892
-0.672762876265 -0.436597176122 -0.495838737702
0.0268481445688 -0.407194854137 1.67987853659
0.649121710949 0.0118138288631 -0.179175522107 0.739186929331
-0.157002772877 -0.963878106781 -0.215148351968
0.955411030334 -0.0930743652145 -0.280225606498
0.250078533912 -0.24955115528 0.935513120593
0.0137776862405
0 0 0

00039.jpg
C:\Users\Nanio\Desktop\Organizar\TCC parte 2\Fotos livros biblioteca\2016-03-14 16.14.36.jpg
639.778015137
320 240
-0.394936746068 0.192459975516 0.131484771756
0.00823496634601 -0.374155293369 -0.265036103787
-0.672085213423 0.426174537099 1.36623637325
0.703449042849 -0.302116893691 0.191574706224 0.614152909319
0.172230293582 -0.979806718724 -0.101565653597
0.748294386169 0.0630831772497 0.660360031753
-0.640617828505 -0.18973532703 0.744048752708
0.0133684993498
0 0 0

00040.jpg
C:\Users\Nanio\Desktop\Organizar\TCC parte 2\Fotos livros biblioteca\2016-03-14 16.15.59.jpg
633.196105957
320 240
0.400318684211 -0.579730565426 0.766630443748
-0.115750416262 0.0608977649763 1.0329366326
-2.44666154672 0.0728175038316 0.40788870909
0.324087720015 -0.932746190832 0.0277603779795 0.155500314376
0.950098113944 -0.152578556852 -0.272090978349
0.0490044125395 -0.788393021188 0.61321691912
-0.308078168773 -0.595949426237 -0.741573691699
0.00663167100174
0 0 0

00041.jpg
C:\Users\Nanio\Desktop\Organizar\TCC parte 2\Fotos livros biblioteca\2016-03-14 16.16.01.jpg
637.50567627
320 240
0.440747164203 -0.615258604354 0.840127367728
-0.268658357835 0 1.09837977787
-2.54467894745 0.115849789073 0.262671526844
0.286320895435 -0.952093421825 0.043345280239 0.0982787369146
0.976924898207 -0.138815915515 -0.162319198619
-0.0262588916923 -0.832282677302 0.553728269483
-0.211961836423 -0.536688694816 -0.816723600253
0.0229726854411
0 0 0

00042.jpg
C:\Users\Nanio\Desktop\Organizar\TCC parte 2\Fotos livros biblioteca\2016-03-14 16.16.04.jpg
622.01776123
320 240
0.450269427983 -0.679341012225 0.981829604576
-0.495863550524 -0.0228218568221 1.17551471198
-2.58593708149 0.119884268536 -0.0156328347478
0.272908331027 -0.960989871137 0.0445515742038 -0.00580949782473
0.995962861026 -0.0824564388327 0.0354827064342
-0.0887982802545 -0.847072334593 0.524006558048
-0.0131512766081 -0.525042009414 -0.850974697857
0.000176872579828
0 0 0

00043.jpg
C:\Users\Nanio\Desktop\Organizar\TCC parte 2\Fotos livros biblioteca\2016-03-14 16.16.08.jpg
631.307189941
320 240
0.252800978691 -0.728286123371 1.22807143654
-0.823634357264 0.0248008047831 1.19309658577
-2.53461090259 0.146707553498 -0.554952586709
0.268077389671 -0.939602289468 0.0543857650922 -0.205725746893
0.909438278578 0.00809877231992 0.415760788526
-0.21250291254 -0.850353423907 0.48139511897
0.357442412761 -0.526149397386 -0.771622907261
0.0213713074205
0 0 0

00044.jpg
C:\Users\Nanio\Desktop\Organizar\TCC parte 2\Fotos livros biblioteca\2016-03-14 16.16.35.jpg
627.952758789
320 240
-0.26776242573 -0.671951395433 1.04518751255
-1.25599808786 -0.111404295753 -0.160280762756
-1.4272188045 0.237833696791 -2.24705287616
0.232357099128 -0.519404642496 0.0865543011805 -0.817765077176
-0.352459014527 0.290114016271 0.889722961391
-0.469940068132 -0.877037268121 0.0998132931118
0.809276936034 -0.382936130904 0.445455568709
0.0191070479879
0 0 0

00045.jpg
C:\Users\Nanio\Desktop\Organizar\TCC parte 2\Fotos livros biblioteca\2016-03-14 16.16.54.jpg
633.588745117
320 240
-0.309065352472 -0.724527201989 1.02302987313
-1.28165023485 0 0.156280398137
-1.64418418238 0.363550379134 -1.99440976453
0.26257804633 -0.607802850684 0.134393068108 -0.737270163105
-0.123257011285 0.223813010978 0.966806949647
-0.550550825204 -0.825982646167 0.121023543561
0.82565227259 -0.517359196785 0.22502857911
0.00949036700507
0 0 0

00046.jpg
C:\Users\Nanio\Desktop\Organizar\TCC parte 2\Fotos livros biblioteca\2016-03-14 16.16.30.jpg
631.253356934
320 240
-0.249262189515 -0.747097232945 1.24746878218
-1.47521350251 -0.0107577240239 0.00965683875304
-1.62338356967 0.277919191054 -2.05935102605
0.249649538564 -0.596134770152 0.102056775845 -0.756229626508
-0.164597314949 0.25590564358 0.952586094741
-0.499263865646 -0.854519159415 0.143292828562
0.850672386753 -0.4520062526 0.268416042786
0.0144184954267
0 0 0

00047.jpg
C:\Users\Nanio\Desktop\Organizar\TCC parte 2\Fotos livros biblioteca\2016-03-14 16.16.27.jpg
637.813354492
320 240
-0.295536604139 -0.751304960497 1.39314619087
-1.59663290507 0.048767641319 0.202588005859
-1.78061484214 0.316472505586 -1.97206543007
0.230808258132 -0.647489499539 0.115079701354 -0.717107163298
-0.0549705886243 0.182003078704 0.981760454304
-0.480053942316 -0.866968623332 0.133843337515
0.875515072641 -0.463940356676 0.135029020045
-0.0176104995259
0 0 0

00048.jpg
C:\Users\Nanio\Desktop\Organizar\TCC parte 2\Fotos livros biblioteca\2016-03-14 16.14.54.jpg
628.311828613
320 240
-0.0910800203945 -0.0459597689833 0.0686240063946
0.116311575514 -0.0174038249364 0.0358587864631
-1.34019450595 0.593264426037 0.683428679221
0.690531503145 -0.599430199034 0.265350000615 0.305677860483
0.672300677872 -0.740278035376 -1.38777878078e-017
0.104042734534 0.0944888994585 0.990074299084
-0.732930139137 -0.665627446394 0.140545450012
0.0124699457109
0 0 0

00049.jpg
C:\Users\Nanio\Desktop\Organizar\TCC parte 2\Fotos livros biblioteca\2016-03-14 16.16.23.jpg
640.292053223
320 240
-0.30332976996 -0.784701842232 1.50403815244
-1.67748574338 0.0519641299804 0.391455683429
-1.88777179566 0.265324788295 -1.87018028782
0.233367408329 -0.68737620153 0.096610165259 -0.680970774843
0.0538919426971 0.185018011378 0.98125650434
-0.450647528113 -0.872412438301 0.189245411444
0.891073848801 -0.452399399347 0.0363618846837
-0.00236311947266
0 0 0

00050.jpg
C:\Users\Nanio\Desktop\Organizar\TCC parte 2\Fotos livros biblioteca\2016-03-14 16.16.38.jpg
629.008178711
320 240
-0.113157289131 -0.623402432441 1.12268206101
-1.20933003765 -0.325563153758 -0.305580813177
-1.43705502671 -0.0161072730759 -2.34459536163
0.194546581426 -0.512580524344 -0.0057452737199 -0.836289423511
-0.398825825711 0.331284194945 0.855095683793
-0.319504798761 -0.924237217367 0.209050759823
0.859566577239 -0.189832395043 0.474456532455
0.00898027997125
0 0 0

00051.jpg
C:\Users\Nanio\Desktop\Organizar\TCC parte 2\Fotos livros biblioteca\2016-03-14 16.14.41.jpg
630.925537109
320 240
-0.382448056356 0.0895181739101 0.127639664699
0.174930171229 -0.35991267174 -0.102147922379
-0.904242843285 0.79903434133 1.11439869614
0.68128561388 -0.402982345729 0.356095417927 0.496639817483
0.253089886026 -0.96370751336 0.0849312100561
0.389706738366 0.181908143464 0.90279461695
-0.885479531554 -0.195389682223 0.421602321229
-0.0396769917101
0 0 0

00052.jpg
C:\Users\Nanio\Desktop\Organizar\TCC parte 2\Fotos livros biblioteca\2016-03-14 16.14.52.jpg
626.458435059
320 240
-0.30340999131 -0.131482168966 0.125649357262
0.220725657847 -0.232470885734 0.149567450695
-1.23583791104 0.978632453001 0.92287885268
0.611109465007 -0.535522472129 0.424068290715 0.399908726093
0.320478162327 -0.942972114931 0.0899839855663
0.0345799156867 0.106577356388 0.99370301543
-0.946624599496 -0.315348390339 0.0667635941708
0.0204854976717
0 0 0

00053.jpg
C:\Users\Nanio\Desktop\Organizar\TCC parte 2\Fotos livros biblioteca\2016-03-14 16.16.14.jpg
676.420837402
320 240
-0.0515038570516 -0.749722971288 1.39278231825
-1.24128122025 0 0.981733881064
-2.33258655474 0.121348677357 -1.23164270586
0.24789717934 -0.855790288289 0.0445209715231 -0.45187084877
0.587661055903 0.147833739412 0.795486948838
-0.300236295932 -0.873129808662 0.384060591961
0.75134045579 -0.464531402333 -0.468719201142
0.000207123521385
0 0 0

