# Camera parameter file. 

# The format of each camera is as follows:
# Filename (of the undistorted image in visualize folder)
# Original filename
# Focal Length (of the undistorted image)
# 2-vec Principal Point (image center)
# 3-vec Translation T (as in P = K[R T])
# 3-vec Camera Position C (as in P = K[R -RC])
# 3-vec Axis Angle format of R
# 4-vec Quaternion format of R
# 3x3 Matrix format of R
# [Normalized radial distortion] = [radial distortion] * [focal length]^2
# 3-vec Lat/Lng/Alt from EXIF

# The nubmer of cameras in this reconstruction
5

00000000.jpg
C:\Users\Nanio\Desktop\Organizar\TCC parte 2\Melhores imagens\IMG_4595.JPG
3020.50292969
2000 1500
0.0118139009087 0.00745890736018 0.0389781656991
-0.0103000742745 -0.0379947349957 -0.0128377602775
1.06851625343 0.0622574141887 0.0108466978734
0.860171003087 0.5091163265 0.0296638127004 0.00516813006653
0.998187007498 0.0213137015565 0.056294254881
0.0390956040502 0.481547980071 -0.875547440746
-0.0457695512225 0.876160964268 0.479841630637
0.0264877881132
0 0 0

00000001.jpg
C:\Users\Nanio\Desktop\Organizar\TCC parte 2\Melhores imagens\IMG_4603.JPG
3061.3996582
2000 1500
0.970738305131 -0.192903847918 0.220967608513
-0.8644208644 0.399697899357 0.348408860165
1.04172421538 -0.858894313587 0.117429245015
0.779066719229 0.481906635623 -0.397328643136 0.0543233339051
0.678358161841 -0.46759386981 -0.566733776205
-0.298307863718 0.529629782601 -0.794042966951
0.67144831365 0.707706719409 0.219791867598
0.042876805828
0 0 0

00000002.jpg
C:\Users\Nanio\Desktop\Organizar\TCC parte 2\Melhores imagens\IMG_4599.JPG
3072.42138672
2000 1500
-0.679786058141 -0.0312769262279 0.157691085886
0.625607234283 0.195106905273 0.241873953863
1.09590176699 0.711447248601 -0.143109288537
0.791706888831 0.509349782666 0.330664218607 -0.066513885833
0.772473810386 0.442166496059 0.455820544737
0.231528489591 0.472277434052 -0.850499018624
-0.591336014307 0.762523908421 0.262447946854
0.0333628893894
0 0 0

00000003.jpg
C:\Users\Nanio\Desktop\Organizar\TCC parte 2\Melhores imagens\3.JPG
2964.98266602
2000 1500
0.0871223615119 -0.971955201464 0.324752398684
-0.0871223242241 0.971954959947 -0.324752534573
0 0 0
1.00000006153 0 0 0
1.00000017933 -2.22937055483e-008 -1.40234490686e-011
-2.22937055483e-008 1.00000029518 1.45721456901e-007
-1.40234490686e-011 1.45721456901e-007 1.00000001769
0.00990581394037
0 0 0

00000004.jpg
C:\Users\Nanio\Desktop\Organizar\TCC parte 2\Melhores imagens\IMG_4606.JPG
3024.68017578
2000 1500
0.063926775467 0.652739607028 0.0354327027354
-0.0507360016794 -0.110342077776 0.645493297225
1.45804341192 0.0104537560006 -0.0365719582955
0.745661223408 0.666098668319 0.00477573774141 -0.0167076868352
0.999396396556 0.0312787715028 -0.0151357630158
-0.0185543253205 0.112066699317 -0.993527445775
-0.0293800928036 0.993208345942 0.112579544504
0.0231349847681
0 0 0

