# Camera parameter file. 

# The format of each camera is as follows:
# Filename (of the undistorted image in visualize folder)
# Original filename
# Focal Length (of the undistorted image)
# 2-vec Principal Point (image center)
# 3-vec Translation T (as in P = K[R T])
# 3-vec Camera Position C (as in P = K[R -RC])
# 3-vec Axis Angle format of R
# 4-vec Quaternion format of R
# 3x3 Matrix format of R
# [Normalized radial distortion] = [radial distortion] * [focal length]^2
# 3-vec Lat/Lng/Alt from EXIF

# The nubmer of cameras in this reconstruction
4

00000000.jpg
C:\Users\Nanio\Desktop\Organizar\TCC parte 2\BasePontos2\Melhores imagens\2 cima.JPG
3003.99755859
2000 1500
-0.0274535290538 0.0184823606371 0.034342325328
0.0267731918362 -0.0326300377875 -0.0222072906724
0.486769003162 -0.0201353226972 0.0038148398322
0.970476123884 0.240984535772 -0.00996838615706 0.00188861123046
0.9997945573 -0.00847015901762 -0.0184379072441
-0.00113875059179 0.883846222629 -0.467777143415
0.0202584157923 0.467701809354 0.883654848188
0.00816421070557
0 0 0

00000001.jpg
C:\Users\Nanio\Desktop\Organizar\TCC parte 2\BasePontos2\Melhores imagens\3 esquerda.JPG
3026.08569336
2000 1500
0.545988916607 -0.84731610112 0.0961954846397
-0.506235372076 0.85736278575 0.184273735985
0.0114913976717 -0.538738751429 0.0176690811918
0.963884061527 0.00567636040877 -0.266118657334 0.00872792638476
0.858209675737 -0.0198467330602 -0.512916131218
0.0138041034696 0.999782903085 -0.0155878337333
0.513113997899 0.00629757956866 0.858297357438
0.024071712012
0 0 0

00000002.jpg
C:\Users\Nanio\Desktop\Organizar\TCC parte 2\BasePontos2\Melhores imagens\2 direita.JPG
3000.99462891
2000 1500
-0.483769970982 -0.848869171996 0.228790604642
0.509442106128 0.861914578959 0.0673043234346
-0.0019904141426 0.576189001946 -0.0252130294994
0.958708151426 -0.00098147100826 0.28411815842 -0.0124325169092
0.838244338777 0.0232804938834 0.544797282423
-0.0243961273308 0.999688859055 -0.00518266196476
-0.54474829536 -0.00894643898879 0.838552080609
0.0184874100518
0 0 0

00000003.jpg
C:\Users\Nanio\Desktop\Organizar\TCC parte 2\BasePontos2\Melhores imagens\3 frente.JPG
3001.52734375
2000 1500
-0.0407302565893 -0.851509031065 0.0546898478112
0.0407302647275 0.851509254023 -0.0546899682137
0 0 0
0.999999981705 0 0 0
0.999999815354 -3.68477692803e-010 5.55320477102e-009
-3.68477692803e-010 0.999999748439 1.59749014184e-007
5.55320477102e-009 1.59749014184e-007 1.00000028984
0.0243519072094
0 0 0

