# Camera parameter file. 

# The format of each camera is as follows:
# Filename (of the undistorted image in visualize folder)
# Original filename
# Focal Length (of the undistorted image)
# 2-vec Principal Point (image center)
# 3-vec Translation T (as in P = K[R T])
# 3-vec Camera Position C (as in P = K[R -RC])
# 3-vec Axis Angle format of R
# 4-vec Quaternion format of R
# 3x3 Matrix format of R
# [Normalized radial distortion] = [radial distortion] * [focal length]^2
# 3-vec Lat/Lng/Alt from EXIF

# The nubmer of cameras in this reconstruction
3

00000000.jpg
Y:\ND\UFS\Trabalho de Conclusao de Curso\Documentos\LateX\Figuras\Base1\Melhores\3 (3).JPG
2996.67602539
2000 1500
-0.0193335399752 0.0373590912148 0.171366916942
0.0175084376383 0.0169469670844 -0.174763763745
-0.311132798477 -0.0105258910732 -0.00110952060064
0.987909933232 -0.154938956414 -0.00524171860437 -0.000552522796775
0.999944161586 0.00271597795381 -0.0101854775448
0.000532606916725 0.951987270596 0.306137337184
0.0105279059611 -0.30612559916 0.951932712534
0.0225342538122
0 0 0

00000001.jpg
Y:\ND\UFS\Trabalho de Conclusao de Curso\Documentos\LateX\Figuras\Base1\Melhores\3.JPG
2976.14697266
2000 1500
-1.01595853381 0.0303515333367 0.165468801691
1.02885183616 -0.0302197750126 -0.0319974070471
-0.312375384632 0.138517001863 0.0300383130242
0.985327514157 -0.155423055251 0.0689194369752 0.0149456282873
0.99005333458 -0.050876010135 0.131170595885
0.00802934493623 0.951240832197 0.308345475344
-0.140462274162 -0.304224975347 0.942187073843
0.0135498977156
0 0 0

00000002.jpg
Y:\ND\UFS\Trabalho de Conclusao de Curso\Documentos\LateX\Figuras\Base1\Melhores\2.JPG
2984.83837891
2000 1500
0.0180632171863 1.00393508032 0.492816184891
-0.0180632273584 -1.00393505608 -0.492816148382
0 0 0
0.99999988439 0 0 0
0.999999434761 -5.09767117407e-010 1.11535602976e-009
-5.09767117407e-010 0.999999935254 1.81104426233e-007
1.11535602976e-009 1.81104426233e-007 0.999999705108
0.025409427279
0 0 0

