# Bundle file v0.3
35 1755
644.237487793 0 0
-0.805326970108 -0.124455503867 -0.579621719755
0.326149701059 -0.909465912038 -0.257873477494
-0.495052182886 -0.396715742749 0.77300816042
-0.0188764057279 0.0474631693662 0.554605662798
662.098999023 0 0
-0.700916917089 -0.35422434449 -0.619063331263
0.624968264079 -0.723273767386 -0.293749598547
-0.34369946228 -0.592789213739 0.728334593241
0.147970360241 -0.888004191633 -0.00496609228713
672.024169922 0 0
-0.939305790068 -0.12940445153 -0.317742028063
0.298829757624 -0.763561150838 -0.572428782865
-0.168539691516 -0.632637051305 0.755887425009
1.0295266199 -0.950134066914 -0.0988119611139
656.687194824 0 0
-0.638945191484 -0.284738462227 -0.714613587363
0.730358903732 -0.516195752435 -0.447344322666
-0.241504785944 -0.807752510784 0.537782948337
-0.770148159511 -1.83246029102 -0.162379627595
816.619567871 0 0
-0.526048433276 -0.150213169636 -0.837083170174
0.791564856562 -0.446374289928 -0.417341847038
-0.310961765877 -0.882148838684 0.353717980405
-1.5700224036 -1.92441523329 -1.33800698912
750.356079102 0 0
-0.437303361254 -0.0496507441051 -0.897942902505
0.83809028028 -0.384605865305 -0.386888095916
-0.326143731603 -0.921745039862 0.209800775359
-2.15469950335 -2.01679363932 -0.741797185866
606.069091797 0 0
0.887940593047 0.0245302736029 0.459303380959
-0.312395922646 -0.700759727473 0.641359943788
0.337594456847 -0.712974483584 -0.614570478929
-0.0244310935565 3.41728234978 -5.09425294664
621.050292969 0 0
0.750728488541 0.0544099744166 0.658365848881
-0.450318893664 -0.687023698516 0.570272551334
0.483341839438 -0.724594634815 -0.491266795202
0.517774483964 3.32362165973 -4.93149473035
606.266479492 0 0
-0.93983187481 -0.0753950302545 -0.33321560429
0.196583344041 -0.917044145844 -0.346966392235
-0.279413679508 -0.391594600717 0.876688464833
0.974760389274 0.219283672196 0.387843675086
632.163146973 0 0
-0.991094356302 -0.0206486376698 -0.131551696984
0.067831959926 -0.928410772491 -0.365310330257
-0.114591113962 -0.37098091905 0.921543927716
1.60533911028 0.299066996165 -0.0106539567701
661.469970703 0 0
-0.593890358915 -0.13446979699 -0.793229505589
0.459646301188 -0.865898282133 -0.197347872568
-0.660317856122 -0.481807366756 0.576056078922
-1.16759980954 -0.0385427697216 0.395138554522
707.794433594 0 0
-0.447620761431 0.00244476576165 -0.894220371966
0.444665823314 -0.866987686662 -0.224957186795
-0.775827756027 -0.498324352343 0.386993391599
-1.72179777218 0.0128766115904 0.0313961989116
694.219116211 0 0
-0.0971993957128 -0.0803887852969 -0.992012729562
0.47829247053 -0.877863784546 0.0242749184119
-0.872805396617 -0.472113427554 0.123777487566
-2.58832682796 0.680220700724 -0.549122541023
685.401306152 0 0
0.187805787902 -0.0746418877541 -0.979366145856
0.479422646702 -0.863293050659 0.15773033721
-0.857252906884 -0.499152197182 -0.126346888471
-3.07544193408 0.998559741902 -1.20597340163
702.546020508 0 0
0.408165208136 -0.0672082710552 -0.910429593103
0.385267566765 -0.891444063134 0.238530454054
-0.827628587537 -0.448118989485 -0.337963614618
-3.33202292073 1.38378506898 -2.28206334957
625.986022949 0 0
0.773778911214 0.0259033430696 0.632926536931
-0.272862163207 -0.888085231226 0.369930858969
0.571675377897 -0.458945969358 -0.680113967796
0.601464736312 2.92809431639 -5.63303231258
611.707214355 0 0
0.938142587468 -0.035120343243 0.344463962682
-0.195256481845 -0.875232427298 0.442542450331
0.285943615682 -0.482427048018 -0.827950198034
-0.707796507842 2.99462475746 -5.04802609451
617.270935059 0 0
0.977004549365 -0.00383609232298 0.213189312558
-0.109584771848 -0.866719550188 0.486609129784
0.182907206769 -0.498780590581 -0.847208258632
-1.13347410787 3.05631298657 -4.93324165441
629.602844238 0 0
0.894775048409 0.0450528485655 0.44423885792
-0.16854131826 -0.887223921385 0.429450598595
0.41348689055 -0.459134287177 -0.786271951038
0.155980413191 2.96825998937 -5.76843975295
619.34942627 0 0
0.999818951983 -0.0190232417438 0
-0.0163494462421 -0.859290139204 0.511225728923
-0.00972452393212 -0.511133727875 -0.859445422784
-1.78654775128 2.99366403969 -4.74063130709
611.053955078 0 0
0.978750537083 0.0481793326147 0.199315419066
-0.0541199532824 -0.876846686822 0.477714590049
0.19778459022 -0.478349725221 -0.855605955916
-0.619746363061 3.05118704021 -5.65543848008
615.033752441 0 0
0.999001630155 0.0346099178508 -0.0282601349455
0.0442499760564 -0.854052039024 0.518301695089
-0.00619727275023 -0.519034589273 -0.85473077351
-1.69458782588 2.99104413375 -5.19622018168
592.440429688 0 0
0.51069444894 0.0824286331345 0.855801893371
-0.458395299062 -0.816008844421 0.352140403945
0.727368402868 -0.572131627188 -0.378946109056
1.60626159076 3.25608576938 -4.44404529367
588.676574707 0 0
0.312013083534 0.0590714708774 0.948239391568
-0.495245931665 -0.841628996118 0.215388175091
0.810789237031 -0.536815635309 -0.233344483002
1.90440713401 2.93615393103 -4.44055151888
601.250549316 0 0
0.23848602207 0.102014682808 0.965772974072
-0.6783101001 -0.694188751774 0.240827719987
0.694996641259 -0.712527607449 -0.0963565351252
1.99622963895 2.91633969398 -3.62311430443
657.584472656 0 0
-0.324142503391 -0.0902084369647 0.941697054205
-0.606288883037 -0.744323610946 -0.279992424447
0.726186197134 -0.661697506341 0.186575109417
3.19186956659 1.61521189051 -2.6681443925
624.98236084 0 0
0.965573647368 0.00849510149283 -0.259990569237
0.140992207607 -0.857016361762 0.495624567189
-0.218605756618 -0.515218737764 -0.828710218637
-2.27598455617 2.63336672196 -4.16857066341
637.465576172 0 0
-0.0451927296585 0.0764806297343 0.99604608968
-0.450937065246 -0.891265638362 0.0479747268374
0.891410505064 -0.446986042347 0.0747664194502
2.47715796721 2.49782075858 -4.55666737041
623.702331543 0 0
-0.0303969845033 0.185238751677 0.982222777521
-0.530847755569 -0.835627347819 0.141163833719
0.846921809597 -0.517120283002 0.123733872051
2.02731262971 2.80269812002 -3.86008272983
622.475097656 0 0
-0.457803616289 0.0348148743832 0.888371272571
-0.45935167165 -0.864787508651 -0.202826816859
0.761190822343 -0.500929960585 0.411894951416
3.25389384259 1.76402600882 -3.04106191887
665.613647461 0 0
-0.963218136272 0.0295894494769 0.267085773209
-0.200163921936 -0.742144516132 -0.639652769036
0.179289266144 -0.669586583213 0.720770152718
2.42319289885 -0.101463795788 -0.50602172033
690.938049316 0 0
-0.986912796551 -0.0688978773793 0.14579634401
-0.00214234768171 -0.898448449964 -0.439074443822
0.161241655145 -0.433640192883 0.886541987382
2.00423241188 0.413947863261 -0.888269864419
682.768310547 0 0
0.78993064356 0.0484760347475 -0.611276944752
0.315139837245 -0.887241163228 0.336882765174
-0.52601951072 -0.458751798666 -0.716135843722
-3.28857108039 1.78786132782 -3.71187595838
688.969665527 0 0
0.643740384727 -0.0708758246102 -0.761954446723
0.316716969953 -0.881743713508 0.349597949001
-0.696626584528 -0.466374162504 -0.545166484898
-3.36205587125 1.81761536939 -3.16048287184
751.753540039 0 0
-0.714533289849 -0.0482348717043 0.697936645146
-0.452141132044 -0.729442322521 -0.513305099283
0.533863586767 -0.682339548485 0.499401821998
3.23743073328 0.722558389202 -1.98799466185
2.00601249321 1.3289073894 -2.50311172493
37 38 40
2 0 8 -77.4462432861 30.8454742432 1 5 -36.0257263184 27.9981689453
1.72542750822 1.17332502877 -2.86637717495
107 27 37
2 30 77 6.60583496094 112.532073975 34 70 -11.8611755371 125.911689758
1.71994389432 1.4043689523 -2.42687226699
110 112 116
5 0 10 -41.7649230957 -9.46936035156 1 10 -10.1160583496 -24.6917724609 2 14 3.58184814453 -24.8927307129 8 8 11.3858032227 24.2668762207 9 14 40.3793640137 -1.45257568359
1.31475220109 1.32879410941 -3.29625266532
117 124 134
6 0 16 134.147521973 23.2800750732 1 20 144.805877686 -11.987701416 2 20 124.296173096 55.7332763672 4 8 60.282623291 -21.0751953125 8 12 132.024536133 72.3645629883 11 10 157.746520996 49.1837005615
1.80309633096 1.18503090655 -2.75788924924
106 43 44
2 0 28 -5.88259887695 58.2960510254 1 21 35.9090270996 38.3775787354
1.73390596814 1.22816549014 -2.56268054166
140 147 165
5 0 25 -20.1191711426 36.4064941406 1 24 17.4738464355 13.7533569336 2 24 11.5103759766 21.8860626221 8 21 23.766204834 68.3887634277 9 32 42.8984985352 43.9707641602
1.64360186542 1.28778607625 -2.59079425663
21 19 23
12 0 27 -2.11221313477 18.0807189941 1 30 30.1587219238 -5.87020874023 2 27 31.1649475098 9.21899414063 3 22 -71.5447998047 -29.8536376953 4 39 -96.2046356201 -24.3065795898 5 31 -151.585357666 -31.9883728027 8 23 41.307220459 55.1136932373 9 37 59.9476013184 32.0721435547 10 26 -63.6884765625 26.9429473877 11 18 -35.9702148438 51.5678710938 30 35 43.7015991211 63.7021789551 31 29 -15.954498291 75.3703460693
1.48417695033 1.43420347234 -2.77146855032
75 31 16
9 0 30 47.8694458008 -13.0494842529 1 40 61.8953857422 -36.1509399414 8 24 79.924041748 31.9380187988 9 41 90.0639343262 15.0126037598 10 28 -9.86856079102 -11.81690979 11 23 23.3784484863 12.793258667 12 17 -23.6568908691 15.2565765381 13 25 -45.6188354492 8.58404541016 14 27 -65.8096313477 4.09992980957
1.24897508675 1.5505834363 -3.19291802186
10 11 3
10 0 34 130.379882813 -27.6445922852 1 43 127.426055908 -52.2625732422 2 40 122.407958984 12.6327209473 3 40 53.5645751953 -54.6062011719 8 32 135.749938965 25.6519927979 9 47 130.505310059 17.3287963867 10 20 91.8183288574 -38.2743530273 11 11 140.039337158 -11.8759613037 12 12 81.6694335938 -40.497467041 31 35 32.0127563477 67.1644134521
1.30384007063 1.48995176112 -3.13770055662
103 107 99
11 0 45 117.016937256 -14.8209075928 1 52 118.654785156 -40.9784545898 2 55 112.304168701 18.5648345947 3 73 44.660369873 -47.5953674316 8 37 125.083587646 36.572479248 9 55 121.530578613 26.0085449219 10 44 77.8396911621 -24.7216796875 11 30 123.066894531 1.66842651367 12 29 68.5661621094 -20.7349853516 13 43 31.5795593262 -40.2965087891 31 46 25.5725708008 74.6592712402
1.5466407673 1.4613375218 -2.63603450663
74 52 25
10 0 52 18.9292297363 -21.9404296875 1 59 35.8286132813 -40.5436096191 2 59 46.1600341797 -19.1954040527 8 52 60.341583252 20.3386077881 9 66 78.0089111328 1.42315673828 10 46 -44.9085083008 -16.6036987305 11 36 -13.1030578613 6.78674316406 12 43 -57.2015380859 17.742477417 13 64 -73.1926116943 14.6497802734 31 62 -1.26007080078 47.5168762207
1.54720985707 1.46072250257 -2.6333600349
74 52 25
8 0 51 18.9292297363 -21.9404296875 1 60 35.8286132813 -40.5436096191 2 60 46.1600341797 -19.1954040527 3 66 -62.0929260254 -58.279083252 4 97 -82.3542480469 -50.3996582031 8 51 60.341583252 20.3386077881 9 67 78.0089111328 1.42315673828 31 63 -1.26007080078 47.5168762207
2.8547951385 1.3565615849 -4.02762613667
143 146 142
3 0 70 -21.8807067871 112.228179932 1 66 22.8529968262 154.273986816 2 45 -82.2510375977 175.534545898
1.61306296682 1.25433749257 -3.39873234922
117 74 69
5 0 88 95.4571533203 58.7496032715 1 87 119.5027771 36.9752044678 3 63 52.45703125 42.8953094482 6 71 -21.9485778809 -25.6711730957 7 59 -80.1280212402 -37.6548461914
1.8787102923 1.40762115461 -2.14175395787
125 124 121
4 0 92 -115.57510376 -16.8847351074 1 100 -75.0019073486 -22.3172912598 2 85 -54.9499816895 -54.6188964844 8 67 -42.6604919434 9.85809326172
2.82099826989 1.50230786502 -4.02817331546
92 94 77
6 0 116 -19.8639526367 90.7724456787 1 102 18.0932006836 134.873474121 2 79 -78.2631835938 154.319702148 9 93 -95.6099090576 78.5699310303 30 57 -226.713272095 135.800262451 31 50 -212.76864624 119.350097656
1.76584985392 1.24586674105 -2.50445482402
37 39 41
5 0 94 -35.2830200195 32.3175964355 1 104 4.31689453125 10.2833099365 2 95 2.01376342773 12.6954193115 9 79 33.7462768555 36.3349609375 10 146 -92.9936218262 45.6424255371
1.76634168766 1.24615700731 -2.50530321925
37 39 41
10 0 95 -35.2830200195 32.3175964355 1 105 4.31689453125 10.2833099365 2 96 2.01376342773 12.6954193115 3 71 -103.937973022 -14.647277832 4 121 -124.704452515 -8.41432189941 8 61 9.55029296875 62.6213684082 9 80 33.7462768555 36.3349609375 10 147 -92.9936218262 45.6424255371 11 115 -64.4776916504 70.4390716553 31 76 -36.9231872559 79.3700256348
1.8573947185 1.16640372458 -2.80371019414
104 46 44
8 0 139 -8.68362426758 66.598236084 1 106 32.9202880859 49.5601043701 2 86 5.30072021484 65.5314025879 3 72 -60.6426086426 38.0516052246 4 102 -78.1469726563 41.0414581299 6 107 62.4160461426 37.7496643066 7 114 23.5518188477 15.2112579346 30 43 -17.2066345215 103.059112549
1.49381027961 1.38773601971 -2.73808564343
64 27 17
7 0 99 43.7888183594 -5.11111450195 1 124 59.6858825684 -31.5942382813 10 91 -15.98828125 -2.94137573242 11 64 15.2556152344 22.2537231445 12 76 -31.281463623 27.1681976318 13 92 -52.4487915039 20.873046875 14 120 -70.3863372803 15.3099365234
1.13359957878 1.36836296196 -3.32668108988
106 110 100
3 0 157 170.735137939 7.13609313965 1 125 171.621948242 -37.1403198242 2 182 153.045349121 45.7772216797
2.80324332642 1.39615222909 -4.0259355348
110 113 103
3 0 211 -16.7364807129 104.927474976 1 126 25.8252258301 145.443511963 2 136 -75.7221374512 167.909088135
1.36317504824 1.34511219655 -3.0122626031
98 95 85
5 0 125 100.761138916 10.0437469482 1 133 111.413146973 -23.6949768066 8 123 115.365386963 57.9158630371 10 122 49.555480957 4.10305786133 11 96 92.7868041992 32.1933746338
1.5197276123 1.50971348188 -2.69230011744
84 85 74
5 8 235 67.2204589844 13.754486084 10 213 -31.7161865234 -26.8239135742 11 228 1.99053955078 -3.40626525879 12 294 -44.0484008789 4.09007263184 13 343 -62.4202880859 -0.28938293457
1.36263610375 1.26500202023 -3.45413402826
101 87 61
9 0 170 141.874053955 46.0646972656 1 149 156.897094727 12.23046875 2 126 122.836090088 83.6845092773 3 111 91.0932617188 10.968170166 4 124 83.4235839844 5.91888427734 5 115 71.1184997559 -6.36427307129 26 110 -14.4504699707 8.04765319824 21 84 -40.2895202637 38.3349456787 30 174 42.6152954102 165.447753906
2.94534559778 1.47121231449 -4.03983476472
106 107 102
5 0 238 -32.5186157227 99.1578369141 1 162 8.96493530273 147.871765137 2 132 -94.1710205078 163.751602173 3 163 -29.200592041 214.096466064 9 154 -111.379486084 83.8780822754
1.7580400565 1.16583133262 -2.84547104126
94 50 41
9 0 298 13.8762817383 63.9496765137 1 167 51.7033081055 40.1679840088 2 131 27.8289794922 64.3935241699 3 107 -41.1036682129 26.3888244629 4 114 -59.5596923828 28.1352539063 5 108 -107.328674316 27.3731689453 6 260 44.145690918 38.550994873 7 232 5.10455322266 18.7565002441 26 246 37.7188110352 104.999572754
1.48326820311 1.3525910655 -2.77242276372
103 98 89
13 0 155 51.1004638672 3.4810333252 1 168 68.8886413574 -24.875793457 2 187 69.521484375 9.64074707031 3 213 -25.6243286133 -44.0524902344 4 248 -47.6298828125 -40.4736022949 8 158 82.3120117188 47.5932617188 9 163 92.432434082 31.0791320801 10 159 -7.65817260742 4.33010864258 11 128 23.3389587402 30.1356048584 13 181 -45.2178039551 25.5194702148 14 207 -65.298828125 19.6380615234 31 130 7.43243408203 77.6764068604 33 218 -80.322769165 25.5002288818
1.52835693915 1.38910881573 -2.67591164359
67 52 31
4 0 154 29.502746582 -6.47814941406 1 170 48.4043579102 -30.4136962891 2 225 54.5173034668 -4.16415405273 3 238 -49.1747741699 -50.2971496582
2.84180330273 1.37945765321 -4.04471440175
146 149 152
5 0 258 -19.6531066895 108.509887695 1 171 23.9928588867 151.393035889 2 164 -79.1620941162 172.306854248 3 88 -13.8433227539 214.900985718 30 101 -235.747344971 155.823669434
1.29425841338 1.44536753715 -3.17541226548
83 87 79
2 0 172 123.963104248 -5.47351074219 1 173 127.864257813 -35.2200317383
1.55213986253 1.39277189537 -2.62329164062
82 80 63
9 0 163 18.6222839355 -8.11888122559 1 180 40.0121154785 -30.4083862305 8 250 59.1921691895 31.646270752 2 390 45.9113769531 -11.0659790039 9 185 78.3825683594 15.363494873 10 162 -46.5395507813 -3.21601867676 11 129 -16.9711303711 20.8182678223 12 166 -59.8013000488 32.6593933105 13 164 -75.0871734619 30.0511016846
1.21524302284 1.31232218468 -3.49023248614
118 122 132
4 0 448 170.870788574 30.867767334 1 182 176.944763184 -10.8608398438 2 254 146.43963623 73.0136108398 30 208 64.8208007813 165.181610107
1.22339144624 1.44963698048 -3.23257772167
87 89 73
8 0 168 142.409973145 -8.17651367188 1 186 141.79385376 -41.1598815918 2 272 131.41192627 28.4591522217 3 272 67.5332336426 -47.1359863281 8 170 144.878997803 45.4220123291 9 243 136.670440674 37.4164581299 10 176 106.282501221 -20.2197875977 11 122 154.602081299 7.76933288574
1.47245875327 1.34542540134 -2.79808591518
102 97 91
9 0 188 56.2294616699 5.82832336426 1 187 73.8677062988 -23.4286499023 2 205 72.7180786133 12.9061126709 4 234 -41.6782226563 -39.4075927734 9 179 94.5292358398 33.691696167 10 185 -0.608795166016 6.11270141602 11 198 30.521697998 31.9020843506 12 229 -16.1347961426 33.22996521 13 226 -39.1269226074 25.0453491211
1.51415509841 1.46580967309 -2.69713060947
100 86 66
4 0 144 32.4700012207 -21.7909545898 1 188 46.8085632324 -41.41796875 2 235 54.9589233398 -15.0931854248 8 171 69.6080932617 22.6296691895
1.41941896815 1.26087154566 -3.34380021222
119 118 120
17 0 339 123.739959717 45.138961792 1 189 140.582519531 12.5701599121 2 184 109.314300537 77.806854248 3 123 70.2278442383 9.30429077148 4 135 59.5158691406 5.96147155762 5 117 40.8089294434 -4.91757202148 6 204 -47.1415710449 -9.59895324707 7 186 -97.5259399414 -15.702331543 8 341 117.60256958 89.7106781006 10 223 102.409179688 39.4733734131 17 266 -115.139343262 45.3403930664 16 355 -140.965621948 32.9541473389 19 213 -95.378036499 43.6862640381 20 258 32.8086853027 53.2029876709 21 177 -27.8557739258 49.9985198975 26 142 -6.83355712891 25.5533447266 30 144 38.858001709 155.201095581
1.219382117 1.29736756234 -3.50398689404
59 62 54
3 0 295 171.710571289 33.5434875488 1 192 178.487518311 -6.48686218262 2 200 147.254211426 76.3710632324
1.43411977344 1.25991709613 -3.51823044652
102 90 67
13 0 368 134.941375732 53.372756958 1 195 153.013427734 22.9696807861 2 201 113.224151611 93.6808166504 3 109 90.1257324219 26.7895965576 4 105 85.2112426758 23.2710571289 5 85 75.8214111328 15.7895202637 6 121 -61.0314331055 -31.1544494629 7 93 -117.827514648 -35.5269165039 20 183 29.1970825195 38.5397644043 19 144 -98.2786102295 23.3089141846 21 128 -25.6825866699 33.3438262939 26 120 8.89709472656 2.96514892578 30 192 26.243927002 170.679840088
1.42403663011 1.26523877965 -3.22257492044
52 51 58
11 0 332 111.519226074 39.4998474121 1 201 129.020782471 6.33535766602 2 178 103.7862854 66.6437072754 3 115 53.5798950195 -1.3973236084 5 110 14.0573425293 -16.8255004883 6 194 -36.2117004395 3.4561920166 17 353 -103.408203125 56.6048431396 16 364 -124.362335205 43.5247650146 19 282 -90.4194030762 55.5562591553 21 271 -26.2765197754 59.8806152344 30 138 44.4193725586 143.525512695
1.42098309881 1.26544014322 -3.22329587904
52 51 58
7 0 331 111.519226074 39.4998474121 1 202 129.020782471 6.33535766602 2 177 103.7862854 66.6437072754 3 116 53.5798950195 -1.3973236084 4 125 39.2573242188 -4.4176940918 5 111 14.0573425293 -16.8255004883 6 195 -36.2117004395 3.4561920166
1.43359642112 1.26045689364 -3.30288440909
77 55 56
12 0 314 117.491424561 43.9274902344 1 203 134.784515381 11.5476074219 2 223 105.042663574 73.5296325684 3 158 62.9311218262 8.15031433105 4 166 51.5135803223 5.66766357422 5 149 30.5456237793 -4.99090576172 6 288 -41.3508605957 -5.85215759277 7 257 -89.9857635498 -12.6094512939 17 285 -108.395614624 49.8463745117 20 247 35.868927002 56.4644012451 19 204 -91.0473175049 48.6982727051 21 179 -25.4368286133 54.0930938721
1.36344623639 1.30178270046 -3.05406554971
110 114 121
6 0 174 104.816864014 20.5750732422 1 205 119.431304932 -15.5064697266 2 214 106.965362549 40.8476104736 4 280 15.4375305176 -31.3612976074 5 318 -17.7095031738 -48.0520629883 10 188 61.5985412598 15.0434570313
1.51105561173 1.39049313514 -2.69458439252
104 85 68
6 0 164 35.0338439941 -6.96279907227 1 209 52.5760498047 -31.4662475586 8 202 71.8172912598 36.6053314209 9 215 86.0246582031 20.2392425537 10 144 -27.2174377441 -4.42413330078 11 105 3.86120605469 20.5861816406
1.49739027923 1.47252510702 -2.73121257166
65 29 22
9 0 115 39.6106567383 -22.2122192383 1 213 51.0025634766 -42.597442627 9 174 87.8382263184 5.95309448242 10 104 -20.2144470215 -19.9270935059 11 70 13.2222595215 4.37702941895 12 108 -34.0838317871 9.06811523438 13 123 -54.7086486816 3.43238830566 14 169 -71.8699951172 -0.758026123047 31 185 5.20373535156 54.0515594482
1.16863509944 1.50543990229 -3.37195960711
90 92 78
2 0 189 161.498657227 -14.1670837402 1 235 156.641967773 -45.4409790039
1.50179137914 1.36431834283 -2.72838286796
103 91 82
3 0 270 41.8128356934 -0.149551391602 1 236 59.8460998535 -26.8529663086 8 274 76.0607910156 43.3972625732
1.80928151789 1.19798379798 -2.6566473677
136 129 133
5 0 246 -18.3446044922 52.0294952393 1 240 20.4982910156 32.0710144043 2 133 3.955078125 41.3702850342 3 197 -81.205657959 13.2213134766 4 220 -101.527542114 17.3829040527
1.83644597732 1.16274333063 -2.88803233002
141 113 86
17 0 444 6.91253662109 70.8805084229 1 242 45.8573913574 51.8662567139 2 222 14.3981933594 73.7482452393 3 191 -44.9270935059 42.7185668945 4 222 -60.9328918457 44.7317810059 5 193 -105.746383667 48.0065155029 6 334 53.2793273926 30.370880127 7 254 10.3258056641 8.84577941895 10 346 -26.4963989258 79.7024993896 11 312 9.77029418945 107.378372192 15 526 44.1664428711 65.402130127 22 398 36.7323913574 99.5716705322 24 213 -48.8290405273 35.0213012695 25 168 -56.4071960449 110.51550293 30 163 -18.4231872559 112.893997192 31 225 -58.3734741211 118.860168457 34 122 -33.9863891602 120.56526947
1.55764566398 1.25055938621 -3.3767871254
126 113 113
13 0 402 103.473205566 55.7240905762 1 255 125.191314697 30.9012908936 2 359 85.1225891113 90.8506622314 4 179 49.4649658203 31.5322265625 5 155 32.1294555664 26.8117828369 6 200 -28.8408203125 -20.0879516602 7 164 -84.7176818848 -29.5292053223 10 246 87.5288391113 54.5872344971 11 201 138.561340332 87.4498443604 15 323 -61.264251709 29.5706329346 18 221 21.6715698242 30.5245056152 22 235 -83.3234405518 71.5655212402 12 223 121.646453857 58.3151855469
2.90477666652 1.4493888704 -4.03928057858
63 65 64
5 0 372 -28.3120422363 100.840805054 1 260 14.0727844238 147.842071533 2 186 -88.5654907227 165.251617432 9 152 -105.987808228 86.2678070068 30 98 -244.230072021 142.692108154
1.75741247524 1.16771624962 -2.8130304548
134 97 86
2 0 415 11.2496337891 62.0363311768 1 268 48.1217346191 37.9775848389
1.75837719077 1.16867589917 -2.81403311054
134 97 86
3 0 416 11.2496337891 62.0363311768 1 269 48.1217346191 37.9775848389 2 339 24.7127380371 60.3845367432
1.80723855616 1.51846712702 -2.20034108748
88 89 84
6 0 269 -94.2793426514 -43.8827819824 1 280 -62.2630615234 -44.9254455566 8 216 -24.4835205078 -12.445098877 9 209 16.2183227539 -41.1100463867 10 205 -168.399703979 -21.1418151855 31 208 -44.3425598145 3.0555267334
1.60085015208 1.24929465774 -3.41536185081
87 60 53
16 0 288 98.9569091797 59.696182251 1 281 122.82824707 37.4796142578 2 250 80.5066833496 95.3452301025 3 244 56.2425537109 42.791809082 4 250 51.098236084 41.8611297607 5 221 35.8817138672 40.1753082275 6 291 -25.2616271973 -27.224029541 7 289 -84.4092559814 -37.4488220215 15 452 -60.0914916992 25.3106536865 10 479 87.5665588379 59.2035827637 11 428 139.717651367 92.3251037598 16 242 -110.641265869 20.2024688721 17 219 -79.3620758057 35.6048736572 18 230 26.8741149902 26.009979248 19 206 -52.9312133789 37.0812683105 20 181 65.9440917969 47.9279632568
2.87805929313 1.42070186259 -4.03174335404
113 115 113
4 0 327 -25.4580078125 103.880767822 1 286 17.4194335938 148.727630615 2 193 -85.1034393311 167.695281982 3 464 -20.9878540039 212.551437378
1.87717026242 1.52430111285 -2.15794687262
97 98 91
3 0 230 -113.727828979 -40.7705688477 1 290 -78.8497924805 -39.3193054199 2 306 -55.4798583984 -71.4588012695
1.64341328457 1.24940026415 -3.38261191895
127 131 151
11 0 389 88.955657959 60.8462219238 1 298 114.460205078 40.5415496826 2 341 72.3464660645 94.8287963867 3 215 46.6691589355 46.0852050781 4 206 40.8558959961 45.5345916748 5 190 23.8284912109 45.22706604 7 261 -74.4282836914 -37.3555603027 6 269 -15.8383483887 -25.6055297852 16 323 -97.3503723145 21.3151092529 25 358 -143.529449463 142.078872681 23 473 -140.903411865 67.3855895996
1.54599871255 1.35733010872 -2.63280894401
91 91 85
3 0 414 21.827911377 -0.674057006836 1 299 43.3513183594 -26.8847961426 8 324 62.1403198242 40.5551605225
2.06144390298 1.23564035482 -2.66464420341
46 46 45
2 0 90 -62.4557800293 60.131942749 1 303 -15.6498413086 56.8105163574
2.98780511037 1.42883862876 -4.093566401
78 78 71
4 0 342 -32.0333862305 107.926422119 1 306 11.1819152832 156.980026245 2 232 -96.1141052246 174.362136841 30 142 -260.047851563 148.120315552
1.41793421601 1.35931262013 -2.88911515117
91 84 65
3 0 261 76.9640808105 3.91445922852 1 307 90.026184082 -26.4034729004 3 428 -0.628967285156 -42.5584411621
1.4349996263 1.35976340284 -2.85216793973
94 86 66
4 0 251 69.0155639648 3.0962677002 1 308 83.3616333008 -26.8753051758 10 231 13.7754516602 1.56796264648 11 161 46.9809875488 28.2372436523
1.3636144806 1.31369876134 -3.0249865771
88 88 89
7 0 272 102.090148926 16.7737884521 1 339 115.872619629 -18.5709838867 2 392 105.070159912 36.4255828857 8 356 116.242126465 64.5150756836 10 227 56.2815856934 11.0406341553 11 158 93.7295532227 39.6502532959 12 186 44.0823669434 26.5863800049
1.37030795304 1.40102985794 -2.98314795601
90 86 68
5 0 225 93.4645385742 -2.25550842285 1 342 102.813781738 -32.082611084 2 396 98.2809753418 18.5024871826 10 256 44.8015136719 -7.47805786133 11 211 82.6209106445 19.3641357422
1.7929240727 1.47605083204 -2.22785969878
108 107 95
3 0 309 -86.8657226563 -32.8258361816 1 374 -53.8307495117 -38.8472290039 10 351 -159.695175171 -12.6666259766
1.17735010343 1.47889402267 -3.34674077988
60 61 45
3 0 280 158.630371094 -10.2462615967 1 402 156.095672607 -42.4427185059 8 320 155.048461914 45.1498565674
1.54155514359 1.39168434813 -2.66424371786
88 78 58
2 0 471 25.7184753418 -6.30624389648 1 403 44.4174499512 -29.8949584961
1.40870347718 1.40085707745 -2.89977071707
93 83 60
4 0 235 77.5811767578 -4.37117004395 1 422 89.0888366699 -32.2337646484 10 211 24.3545837402 -7.31655883789 11 170 60.0847167969 18.747543335
1.29162738649 1.0321569608 -3.42668853661
136 141 118
2 1 3 187.794006348 33.9325866699 2 3 145.189544678 114.433883667
1.00281886212 1.54566779606 -3.11270228836
121 127 93
2 1 7 155.223510742 -88.3756713867 2 7 163.660705566 -8.38803100586
1.92050050188 1.55132262948 -2.1371745934
119 118 106
2 1 8 -89.6212463379 -38.366973877 2 10 -65.8960876465 -75.1458129883
1.92050050188 1.55132262948 -2.1371745934
119 118 106
2 1 9 -89.6212463379 -38.366973877 2 9 -65.8960876465 -75.1458129883
1.6376224664 1.62257140176 -2.41486196638
10 10 7
10 1 13 -14.9858398438 -66.0115661621 2 18 11.5348510742 -65.2503967285 0 6 -32.8700561523 -62.9932250977 8 9 24.6092834473 -24.2671813965 9 17 54.987121582 -47.621887207 10 5 -102.871002197 -49.7894592285 11 4 -68.7373199463 -28.4684448242 12 2 -110.142669678 -3.77548217773 13 7 -115.847183228 0.469314575195 14 11 -114.328781128 -0.824325561523
1.64209379589 1.65085323688 -2.44868658807
10 10 7
3 1 14 -14.9858398438 -66.0115661621 2 19 11.5348510742 -65.2503967285 9 16 54.987121582 -47.621887207
1.74467592875 1.23863681954 -2.58535643822
140 147 165
3 1 23 17.4738464355 13.7533569336 2 23 11.5103759766 21.8860626221 30 13 20.2020568848 66.0648040771
1.55202996764 1.25445621164 -2.77415403191
5 6 3
2 1 25 66.6051025391 -2.36306762695 2 25 60.2257995605 30.054977417
1.58614818541 1.20047409081 -2.92060230998
134 138 153
6 1 28 80.4502868652 18.3231811523 2 26 62.8484802246 54.4981079102 3 16 -7.81848144531 3.03625488281 4 24 -30.8941040039 2.0629119873 10 32 11.8441467285 52.6588134766 11 21 45.760925293 82.0539550781
1.46328435831 1.25584909978 -3.4345176942
90 43 46
4 1 35 142.564361572 22.4863586426 2 29 105.866729736 88.0849151611 3 19 75.7729492188 24.5125274658 4 21 69.0223388672 22.0028839111
1.67601035014 1.15058208607 -2.8329552841
102 37 35
2 1 37 64.2153625488 32.3545379639 2 32 42.4074707031 60.005279541
1.78062457169 1.45632938711 -2.2661071567
101 102 86
4 1 39 -44.4143371582 -34.3988952637 2 33 -25.541229248 -51.931854248 4 63 -174.180648804 -45.4826049805 5 65 -234.353164673 -50.8806762695
1.72328207751 1.52878505321 -2.26393788437
111 115 113
2 1 41 -42.5209350586 -53.3847351074 2 39 -14.583190918 -66.5374755859
1.24861600623 1.56742832234 -3.21800761278
15 16 3
5 1 42 127.426055908 -52.2625732422 2 41 122.407958984 12.6327209473 3 41 53.5645751953 -54.6062011719 9 46 130.505310059 17.3287963867 31 34 32.0127563477 67.1644134521
1.38853500609 1.41547846736 -2.96990595015
94 83 65
2 1 44 97.2346191406 -32.9907531738 2 50 94.0708618164 16.6360778809
1.62705600498 1.23904672515 -3.50652039237
134 140 157
2 1 51 127.698059082 45.4033203125 2 36 80.1982116699 105.22593689
1.88354997733 1.5068784298 -2.1823389189
53 51 39
2 1 53 -74.967376709 -33.6522827148 2 37 -53.7415771484 -64.375579834
1.34000867838 1.2923643742 -3.1590741785
125 134 151
5 1 54 131.704284668 -9.91986083984 2 47 114.633209229 52.825012207 3 29 53.205871582 -20.6735534668 4 33 36.6098022461 -26.428314209 5 22 8.21661376953 -43.451751709
1.75559037735 1.17821031777 -2.64801113966
110 25 35
3 1 56 28.3856811523 27.4001312256 2 38 14.7144775391 40.4532775879 30 27 13.6932983398 85.0340576172
3.0036691299 1.4356421852 -4.09106613028
59 59 53
2 1 58 9.32354736328 157.957733154 2 42 -98.6951141357 173.35017395
1.74978850471 1.14904887882 -2.99466340641
134 134 141
2 1 62 70.4146728516 48.5705413818 2 46 37.4798278809 81.3330078125
1.76180915993 1.26089099605 -3.4145805177
139 146 167
2 1 67 100.160552979 52.445526123 2 48 52.7731018066 101.184234619
1.55455968969 1.28750253624 -2.70586531341
6 6 5
5 1 71 55.7305297852 -10.3630371094 2 74 53.6301269531 17.2482910156 8 71 66.921875 57.3464202881 9 74 79.8039245605 39.9501953125 31 56 -2.52697753906 85.549697876
1.40840233733 1.26042428076 -3.38091243791
92 47 34
5 3 182 76.6434936523 11.0407104492 5 125 49.0321044922 -1.99642944336 4 136 65.9487609863 8.47508239746 26 193 -7.79211425781 19.9732818604 30 232 38.6574401855 158.983825684
1.780992453 1.17216349787 -2.78752833944
111 40 44
3 1 77 41.9092102051 39.4637908936 2 70 18.8274536133 57.8865356445 6 101 51.2991638184 42.1427764893
1.51930954183 1.2531647472 -3.43553429993
98 48 49
6 1 78 134.443084717 29.2611846924 2 71 94.7902526855 92.215927124 20 83 48.5051879883 46.3815307617 19 54 -74.0502471924 35.0959320068 21 58 -8.03747558594 43.7325286865 26 55 26.1047058105 18.5659179688
0.725486436254 1.46228580373 1.32443830639
78 83 81
3 18 102 125.760162354 181.977233887 20 99 35.3280639648 196.196716309 21 101 -82.6982574463 212.520477295
1.83702785388 1.19500745231 -2.68108277352
131 128 132
4 1 83 19.0964355469 36.9289855957 2 68 0.158294677734 46.2368621826 3 67 -80.9752960205 21.0520629883 8 86 12.208404541 85.4149627686
1.39146272845 1.26859630844 -3.20850087238
48 39 31
5 5 96 12.9803466797 -25.7772827148 6 102 -38.880065918 5.29472351074 7 86 -83.1071014404 -1.7049407959 11 76 129.00390625 62.5336151123 10 111 84.6180114746 31.3193054199
1.69419448154 1.15987575898 -2.94327828019
103 43 46
5 1 85 72.1800231934 37.5801086426 2 77 44.8226318359 71.2837524414 3 53 -16.8464660645 26.2544708252 4 61 -35.6917114258 26.8730773926 6 80 26.8922729492 32.3667449951
1.80025630822 1.36455671092 -2.30422049556
148 156 174
3 1 89 -36.0783691406 -16.1102905273 2 116 -24.2596435547 -29.449798584 30 94 27.837890625 -0.365814208984
1.3073865903 1.2767840646 -3.4061424334
110 87 58
9 1 90 160.149597168 1.61581420898 2 92 130.48324585 74.9862060547 3 75 90.9344482422 -3.94592285156 4 67 80.6268920898 -8.12637329102 5 53 65.5417175293 -23.5394897461 6 70 -69.0917510986 -13.4123687744 10 72 128.889221191 29.6177368164 11 52 181.539367676 62.3870697021 26 68 -31.6576538086 9.56698608398
1.30788594991 1.27454828839 -3.408224295
110 87 58
4 1 91 160.149597168 1.61581420898 2 91 130.48324585 74.9862060547 10 73 128.889221191 29.6177368164 11 51 181.539367676 62.3870697021
1.5826028104 1.25101264155 -3.3489138407
115 73 68
2 13 119 101.640014648 37.002456665 24 95 -142.258453369 32.7389373779
1.64346479563 1.25092713043 -3.35165842899
136 139 158
16 1 94 111.147796631 37.9739379883 2 83 70.4377746582 90.8334655762 3 59 41.8673095703 42.1636810303 4 66 35.34375 42.3290863037 5 52 16.4541015625 42.231552124 6 79 -13.2644348145 -21.5546875 7 63 -69.9730529785 -33.4902038574 15 117 -45.2072143555 28.5006561279 16 105 -94.2111358643 25.0308990479 17 105 -64.5797424316 41.3307952881 18 113 38.9776306152 29.6878509521 19 99 -41.5192260742 43.5469360352 20 113 75.6239318848 52.3377838135 21 95 17.7921142578 52.5973968506 26 106 52.7852783203 33.8224182129 32 109 32.3456115723 17.3682250977
1.45044348768 1.37101201208 -2.81923036293
69 51 22
4 1 97 77.2966003418 -28.8730773926 2 106 76.9734191895 9.91015625 9 94 98.6505737305 29.8000793457 31 94 12.1376647949 77.0476531982
1.366077539 1.46338959981 -3.02616047927
77 73 54
3 1 98 100.916381836 -37.59765625 2 124 98.4096069336 14.1495819092 3 277 21.3571472168 -47.8654785156
1.89815595454 1.17319263422 -2.78558464926
145 146 156
15 1 101 25.4701538086 53.1305236816 2 81 -4.08352661133 65.9286193848 3 68 -69.7051696777 42.2850494385 4 87 -85.8470001221 45.4356994629 5 81 -134.394989014 49.9223937988 6 104 69.4702148438 35.6712188721 7 84 29.8196411133 11.9564208984 9 105 13.7000732422 70.3353881836 24 74 -25.773651123 29.3770141602 25 95 -37.6213989258 93.985244751 27 156 -50.9228820801 82.1357879639 28 114 -105.199249268 82.1913146973 29 133 -8.25271606445 82.6270751953 30 55 -26.5878295898 96.979385376 34 60 -28.0812988281 102.729232788
1.73179131744 1.61390646089 -2.28283255827
92 90 64
2 1 103 -46.4505310059 -62.514465332 2 113 -17.1510620117 -76.3908081055
1.64841538542 1.16971178607 -2.92866594911
128 127 126
5 1 109 76.1183166504 30.6128234863 2 97 52.6110229492 65.3024597168 3 80 -12.7445678711 16.9494781494 4 99 -34.0967407227 16.5669250488 5 82 -76.8768615723 12.2750244141
1.16115979945 1.31618047957 -3.47421720275
48 52 43
3 1 110 182.906921387 -16.8377990723 2 112 156.306335449 67.8376159668 31 102 40.8393554688 119.162773132
1.65793693326 1.24480164672 -3.41360664606
72 70 84
4 1 112 115.465026855 44.7637786865 2 134 71.6199035645 98.6998443604 30 103 -9.17706298828 157.224578857 34 82 -78.1968078613 163.066085815
1.77436312366 1.25502471216 -3.36658033498
141 145 160
5 1 114 95.5564575195 53.6595306396 2 109 48.3375244141 99.7726593018 10 195 56.1498718262 69.8713226318 11 147 107.217712402 101.669723511 15 182 -27.0680541992 18.2056121826
1.57494106066 1.5987048746 -2.56614470743
85 86 67
2 1 115 12.9526367188 -60.468536377 2 150 32.2162780762 -46.7066040039
1.40294835419 1.45700297224 -2.91972356463
74 56 47
5 1 116 87.2105102539 -39.3802185059 2 140 86.9902648926 5.74488830566 0 83 78.6982727051 -14.5733947754 10 89 27.1100158691 -18.176940918 13 85 -15.4465026855 -11.820022583
1.70577887963 1.25278272589 -3.35983550643
135 140 159
7 1 117 104.051269531 45.1967010498 2 105 60.6455993652 94.7974395752 3 81 35.2947692871 52.4000396729 4 94 30.5496520996 53.198059082 5 78 12.5100402832 55.257522583 6 115 -4.61260986328 -26.868347168 7 81 -63.5498657227 -41.1790161133
1.54608563214 1.46845838751 -2.36611276689
22 22 14
2 0 162 -18.6163024902 -41.7474975586 12 185 -123.259536743 16.7492828369
1.38502100808 1.45180969158 -2.95110274651
74 59 47
7 1 121 93.3520507813 -39.2687683105 2 181 92.349029541 8.85250854492 0 82 85.0140075684 -13.322052002 10 79 35.4652099609 -17.8274536133 13 72 -7.92895507813 -14.0759735107 14 76 -41.319732666 -17.7679748535 33 115 -69.4911651611 -12.0215454102
1.80382690034 1.37945343197 -3.57161180112
108 108 98
3 16 202 -80.9312133789 -39.8407592773 17 228 -38.0240783691 -20.1658935547 18 177 55.4296264648 -20.8627319336
1.88539165675 1.37447423413 -2.1487482699
112 113 117
2 1 127 -72.4899902344 -16.1648254395 2 121 -54.4580383301 -47.2305603027
1.8974108677 1.18182925979 -2.72955239301
146 138 134
11 1 130 17.901550293 48.5251922607 2 110 -7.88977050781 57.9020080566 3 87 -79.8534240723 35.4472198486 4 109 -96.3907928467 39.5616912842 5 112 -147.341323853 43.6134796143 6 236 73.1106262207 41.4665679932 7 138 36.3531494141 17.7702026367 24 91 -13.9328613281 31.8740081787 25 100 -25.5176086426 89.0863952637 30 79 -22.837097168 87.844039917 34 75 -19.0712280273 95.4000396729
1.99825775391 1.47127241583 -2.18275577687
126 124 111
2 1 134 -89.3001251221 -13.4508514404 2 103 -76.4683074951 -50.037109375
1.55943001568 1.64066730772 -2.59864666029
62 62 37
4 1 140 16.2286987305 -65.3527526855 2 188 36.0960693359 -48.9436645508 0 122 5.1008605957 -60.3931884766 8 122 51.7598876953 -15.7137145996
1.66912327094 1.17321759586 -2.7760634288
90 44 43
3 1 142 56.5995788574 24.6069488525 2 144 40.1089782715 50.2688446045 4 183 -63.6174316406 6.85014343262
1.67103994067 1.17726000688 -2.78125960821
90 44 43
3 1 143 56.5995788574 24.6069488525 2 145 40.1089782715 50.2688446045 6 205 35.3274841309 47.3473815918
3.20861471173 1.3332270396 -3.97052635134
55 72 74
2 1 150 -15.9763183594 184.037963867 2 108 -133.698379517 188.518264771
1.17592237534 1.43890808442 -3.34182748697
85 87 70
2 1 151 159.06048584 -38.4274597168 2 204 143.964599609 38.9466400146
1.83938041987 1.17908915852 -2.71182460505
98 44 45
9 1 152 23.5791931152 41.1812744141 2 152 1.79473876953 52.5243225098 3 171 -75.6270599365 24.5676879883 4 150 -93.4670715332 28.9073791504 5 158 -146.167510986 29.7195892334 24 161 -13.2067260742 40.0249176025 30 95 -8.26898193359 88.7412567139 31 87 -55.9936523438 106.700271606 34 71 -7.01617431641 100.787246704
1.3404828955 1.36595613839 -3.04842874862
65 60 41
2 1 155 116.299041748 -27.1077880859 2 217 108.060760498 29.2750701904
1.3404828955 1.36595613839 -3.04842874862
65 60 41
2 1 156 116.299041748 -27.1077880859 2 216 108.060760498 29.2750701904
1.42356264329 1.38193960626 -2.88637664608
65 52 25
2 1 157 86.94140625 -29.1174621582 2 210 85.2001342773 14.2898101807
1.55869156436 1.25015690264 -3.41717841174
83 52 42
18 1 161 128.450042725 33.2114715576 2 172 87.7678222656 93.4608001709 3 98 62.3976745605 36.7704772949 4 116 56.4041442871 35.2526702881 5 99 41.4608459473 31.6041412354 6 117 -32.5040283203 -24.7054138184 7 83 -90.7149658203 -33.2544250488 11 111 145.072540283 88.2029876709 10 288 91.6481018066 55.9562225342 15 218 -65.8923187256 27.849029541 17 147 -90.0576171875 36.4016113281 16 127 -120.749572754 22.2214355469 18 155 18.3719482422 26.999130249 19 132 -63.589050293 36.7551879883 20 145 57.7283935547 47.8375854492 21 115 -0.246856689453 45.7267150879 26 123 35.0488891602 22.5386505127 30 154 7.86877441406 160.415924072
1.22624304564 1.50596847898 -3.21980315015
83 85 73
3 1 163 135.863006592 -48.013092041 2 247 127.870727539 19.9091644287 8 166 142.605926514 35.6561431885
3.1570571832 1.3197992485 -3.98403681492
119 134 138
2 1 172 -9.32141113281 181.80708313 2 168 -125.693572998 189.454971313
3.08156488797 1.4822270861 -4.11960531527
114 115 103
2 1 174 1.76736450195 158.476333618 2 155 -107.292800903 171.806396484
2.9673547165 1.44509281086 -4.05989297344
54 55 49
3 1 176 9.54321289063 153.156478882 2 165 -95.7151489258 169.379943848 3 187 -27.6581726074 219.921981812
2.96635587439 1.44452130124 -4.05892112624
54 55 49
