# Camera parameter file. 

# The format of each camera is as follows:
# Filename (of the undistorted image in visualize folder)
# Original filename
# Focal Length (of the undistorted image)
# 2-vec Principal Point (image center)
# 3-vec Translation T (as in P = K[R T])
# 3-vec Camera Position C (as in P = K[R -RC])
# 3-vec Axis Angle format of R
# 4-vec Quaternion format of R
# 3x3 Matrix format of R
# [Normalized radial distortion] = [radial distortion] * [focal length]^2
# 3-vec Lat/Lng/Alt from EXIF

# The nubmer of cameras in this reconstruction
35

00000000.jpg
C:\Users\Nanio\Desktop\Fotos carrinho 3\2016-02-29 15.00.52.jpg
644.237487793
320 240
-0.0188764057279 -0.0474631693662 -0.554605662798
0.243876550958 0.260837260709 -0.427415664141
0.322210557809 -2.49399040701 -0.468070725184
0.287719820968 0.120640163743 -0.933785078681 -0.175252261482
-0.805326970108 -0.124455503867 -0.579621719755
-0.326149701059 0.909465912038 0.257873477494
0.495052182886 0.396715742749 -0.77300816042
-0.0311638567027
0 0 0

00000001.jpg
C:\Users\Nanio\Desktop\Fotos carrinho 3\2016-02-29 15.02.44.jpg
662.098999023
320 240
0.147970360241 0.888004191633 0.00496609228713
0.65698300585 -0.592799989639 -0.1656308004
0.742682029474 -2.39107659683 -0.672408047138
0.271119096089 0.275745622041 -0.887767412395 -0.249654048253
-0.700916917089 -0.35422434449 -0.619063331263
-0.624968264079 0.723273767386 0.293749598547
0.34369946228 0.592789213739 -0.728334593241
-0.109678693911
0 0 0

00000002.jpg
C:\Users\Nanio\Desktop\Fotos carrinho 3\2016-02-29 15.02.39.jpg
672.024169922
320 240
1.0295266199 0.950134066914 0.0988119611139
1.23431480899 -0.654771853264 -0.142071335914
0.334380430623 -2.70067708323 -0.940942303741
0.130736314543 0.115133023006 -0.929890293451 -0.323982870954
-0.939305790068 -0.12940445153 -0.317742028063
-0.298829757624 0.763561150838 0.572428782865
0.168539691516 0.632637051305 -0.755887425009
0.0322748760498
0 0 0

00000003.jpg
C:\Users\Nanio\Desktop\Fotos carrinho 3\2016-02-29 15.02.49.jpg
656.687194824
320 240
-0.770148159511 1.83246029102 0.162379627595
0.807056126717 -1.29636451899 -1.28277430981
0.824571817451 -2.18748710703 -1.01952749538
0.291319246109 0.309289716464 -0.820507386722 -0.382415895496
-0.638945191484 -0.284738462227 -0.714613587363
-0.730358903732 0.516195752435 0.447344322666
0.241504785944 0.807752510784 -0.537782948337
-0.0686215645559
0 0 0

00000004.jpg
C:\Users\Nanio\Desktop\Fotos carrinho 3\2016-02-29 15.02.54.jpg
816.619567871
320 240
-1.5700224036 1.92441523329 1.33800698912
0.281322969958 -2.27516798184 -1.6441039149
0.789751390805 -1.95063779428 -1.08971765883
0.376366801222 0.308746009303 -0.762583822699 -0.426015050241
-0.526048433276 -0.150213169636 -0.837083170174
-0.791564856562 0.446374289928 0.417341847038
0.310961765877 0.882148838684 -0.353717980405
-0.560552968697
0 0 0

00000005.jpg
C:\Users\Nanio\Desktop\Fotos carrinho 3\2016-02-29 15.02.59.jpg
750.356079102
320 240
-2.15469950335 2.01679363932 0.741797185866
0.506067467725 -1.56639906195 -2.55944072012
0.777189629503 -1.77869512289 -1.14566528105
0.429389604174 0.311405387291 -0.712689956981 -0.45904670753
-0.437303361254 -0.0496507441051 -0.897942902505
-0.83809028028 0.384605865305 0.386888095916
0.326143731603 0.921745039862 -0.209800775359
-0.0808727154781
0 0 0

00000006.jpg
C:\Users\Nanio\Desktop\Fotos carrinho 3\2016-02-29 15.02.07.jpg
606.069091797
320 240
-0.0244310935565 -3.41728234978 5.09425294664
2.80903193658 -1.23677644418 -5.31126925398
0.784390878415 0.461539913902 0.166723362232
0.894884182373 0.37835466702 0.22262597035 0.0804198059125
0.887940593047 0.0245302736029 0.459303380959
0.312395922646 0.700759727473 -0.641359943788
-0.337594456847 0.712974483584 0.614570478929
-0.0310539986764
0 0 0

00000007.jpg
C:\Users\Nanio\Desktop\Fotos carrinho 3\2016-02-29 15.02.10.jpg
621.050292969
320 240
0.517774483964 -3.32362165973 4.93149473035
3.49157889055 -1.31809964515 -4.65893615887
0.795222460331 0.701161946642 0.243141279815
0.855718847265 0.378298079529 0.333552221027 0.115665595222
0.750728488541 0.0544099744166 0.658365848881
0.450318893664 0.687023698516 -0.570272551334
-0.483341839438 0.724594634815 0.491266795202
0.0102684582712
0 0 0

00000008.jpg
C:\Users\Nanio\Desktop\Fotos carrinho 3\2016-02-29 15.00.56.jpg
606.266479492
320 240
0.974760389274 -0.219283672196 -0.387843675086
0.981371266806 0.426462157426 0.0608712922947
0.201239235332 -2.76249154531 -0.546467008808
0.158527447309 0.0703793085035 -0.966124942708 -0.191115664579
-0.93983187481 -0.0753950302545 -0.33321560429
-0.196583344041 0.917044145844 0.346966392235
0.279413679508 0.391594600717 -0.876688464833
-0.155532253832
0 0 0

00000009.jpg
C:\Users\Nanio\Desktop\Fotos carrinho 3\2016-02-29 15.01.01.jpg
632.163146973
320 240
1.60533911028 -0.299066996165 0.0106539567701
1.56953500071 0.306853097587 0.330255949724
0.0682222439886 -2.96131769001 -0.567657476298
0.0627942841195 0.0225760547801 -0.979957070925 -0.187848794352
-0.991094356302 -0.0206486376698 -0.131551696984
-0.067831959926 0.928410772491 0.365310330257
0.114591113962 0.37098091905 -0.921543927716
-0.0699241718029
0 0 0

00000010.jpg
C:\Users\Nanio\Desktop\Fotos carrinho 3\2016-02-29 15.00.47.jpg
661.469970703
320 240
-1.16759980954 0.0385427697216 -0.395138554522
-0.414791936427 -4.99600361081e-016 -1.16140268491
0.427899663408 -2.18650612664 -0.489148436024
0.417118641485 0.170490758442 -0.871183409915 -0.194894492752
-0.593890358915 -0.13446979699 -0.793229505589
-0.459646301188 0.865898282133 0.197347872568
0.660317856122 0.481807366756 -0.576056078922
-0.240028160687
0 0 0

00000011.jpg
C:\Users\Nanio\Desktop\Fotos carrinho 3\2016-02-29 15.00.38.jpg
707.794433594
320 240
-1.72179777218 -0.0128766115904 -0.0313961989116
-0.752078651267 0.0310196443394 -1.54892011108
0.324197323249 -1.98057850769 -0.530246768605
0.508028919854 0.134523427144 -0.821827293057 -0.220022213108
-0.447620761431 0.00244476576165 -0.894220371966
-0.444665823314 0.866987686662 0.224957186795
0.775827756027 0.498324352343 -0.386993391599
-0.148657540492
0 0 0

00000012.jpg
C:\Users\Nanio\Desktop\Fotos carrinho 3\2016-02-29 15.00.33.jpg
694.219116211
320 240
-2.58832682796 -0.680220700724 0.549122541023
-1.05620509288 0.129821114808 -2.51619804718
0.439164441818 -1.64984093227 -0.352033143491
0.643600594559 0.192816923323 -0.724369330118 -0.1545615746
-0.0971993957128 -0.0803887852969 -0.992012729562
-0.47829247053 0.877863784546 -0.0242749184119
0.872805396617 0.472113427554 -0.123777487566
-0.106470909982
0 0 0

00000013.jpg
C:\Users\Nanio\Desktop\Fotos carrinho 3\2016-02-29 15.00.28.jpg
685.401306152
320 240
-3.07544193408 -0.998559741902 1.20597340163
-0.934970541486 0.0305298109535 -3.32185631469
0.488662834432 -1.36628304924 -0.301121285214
0.737808533264 0.222578929619 -0.622322381057 -0.137156437171
0.187805787902 -0.0746418877541 -0.979366145856
-0.479422646702 0.863293050659 -0.15773033721
0.857252906884 0.499152197182 0.126346888471
-0.0458081176236
0 0 0

00000014.jpg
C:\Users\Nanio\Desktop\Fotos carrinho 3\2016-02-29 15.00.23.jpg
702.546020508
320 240
-3.33202292073 -1.38378506898 2.28206334957
-1.06181065208 -0.0130099545591 -4.13490811206
0.451455903198 -1.14273248618 -0.209116526586
0.812030308223 0.21139895783 -0.535096462238 -0.0979210050688
0.408165208136 -0.0672082710552 -0.910429593103
-0.385267566765 0.891444063134 -0.238530454054
0.827628587537 0.448118989485 0.337963614618
-0.0175195654948
0 0 0

00000015.jpg
C:\Users\Nanio\Desktop\Fotos carrinho 3\2016-02-29 15.01.50.jpg
625.986022949
320 240
0.601464736312 -2.92809431639 5.63303231258
3.55383373473 -0.000439015788062 -5.29498254012
0.466860159409 0.678485177485 0.139098150891
0.914053897513 0.226703488323 0.329466872278 0.0675449283706
0.773778911214 0.0259033430696 0.632926536931
0.272862163207 0.888085231226 -0.369930858969
-0.571675377897 0.458945969358 0.680113967796
0.0820215074684
0 0 0

00000016.jpg
C:\Users\Nanio\Desktop\Fotos carrinho 3\2016-02-29 14.59.47.jpg
611.707214355
320 240
-0.707796507842 -2.99462475746 5.04802609451
2.69218359027 0.160832157574 -5.26094827681
0.492280597422 0.335510976146 0.122609492842
0.954112835675 0.242363760282 0.165181610286 0.0603641457473
0.938142587468 -0.035120343243 0.344463962682
0.195256481845 0.875232427298 -0.442542450331
-0.285943615682 0.482427048018 0.827950198034
-0.0192828301197
0 0 0

00000017.jpg
C:\Users\Nanio\Desktop\Fotos carrinho 3\2016-02-29 14.59.51.jpg
617.270935059
320 240
-1.13347410787 -3.05631298657 4.93324165441
2.34466393787 0.184008773856 -5.42507191212
0.519754561028 0.208925431504 0.0598250725071
0.960589969522 0.256454301947 0.103086783095 0.0295185427107
0.977004549365 -0.00383609232298 0.213189312558
0.109584771848 0.866719550188 -0.486609129784
-0.182907206769 0.498780590581 0.847208258632
-0.0137483842393
0 0 0

00000018.jpg
C:\Users\Nanio\Desktop\Fotos carrinho 3\2016-02-29 15.01.53.jpg
629.602844238
320 240
0.155980413191 -2.96825998937 5.76843975295
2.74588448934 -0.0220058988513 -5.87958001663
0.479304370011 0.462658892916 0.0666099143911
0.944493372242 0.23520146141 0.227033289401 0.0326864309807
0.894775048409 0.0450528485655 0.44423885792
0.16854131826 0.887223921385 -0.429450598595
-0.41348689055 0.459134287177 0.786271951038
0.138608259516
0 0 0

00000019.jpg
C:\Users\Nanio\Desktop\Fotos carrinho 3\2016-02-29 14.59.56.jpg
619.34942627
320 240
-1.78654775128 -2.99366403969 4.74063130709
1.7890659129 0.115345996958 -5.60476119029
0.536594484532 -0.00510400316834 0.0185656709586
0.964177695496 0.265085850247 -0.00252145532342 0.00917172429706
0.999818951983 -0.0190232417438 0
0.0163494462421 0.859290139204 -0.511225728923
0.00972452393212 0.511133727875 0.859445422784
0.000625965264839
0 0 0

00000020.jpg
C:\Users\Nanio\Desktop\Fotos carrinho 3\2016-02-29 15.01.56.jpg
611.053955078
320 240
-0.619746363061 -3.05118704021 5.65543848008
1.89026829003 0 -6.17290296358
0.502458066088 0.208695272402 0.00312208365519
0.963224166513 0.24814169653 0.103065315191 0.00154185829066
0.978750537083 0.0481793326147 0.199315419066
0.0541199532824 0.876846686822 -0.477714590049
-0.19778459022 0.478349725221 0.855605955916
0.0379564145054
0 0 0

00000021.jpg
C:\Users\Nanio\Desktop\Fotos carrinho 3\2016-02-29 15.02.00.jpg
615.033752441
320 240
-1.69458782588 -2.99104413375 5.19622018168
1.5283383801 -0.0838606098295 -6.03952181702
0.545503799706 -0.0181201092736 -0.0414700347605
0.962780406257 0.269359523112 -0.00894736937723 -0.020477123702
0.999001630155 0.0346099178508 -0.0282601349455
-0.0442499760564 0.854052039024 -0.518301695089
0.00619727275023 0.519034589273 0.85473077351
0.034433846764
0 0 0

00000022.jpg
C:\Users\Nanio\Desktop\Fotos carrinho 3\2016-02-29 15.01.46.jpg
592.440429688
320 240
1.60626159076 -3.25608576938 4.44404529367
3.90472563956 -0.0179862281568 -4.20529651452
0.597720483058 1.02382554308 0.24313510482
0.82244291632 0.280953246965 0.481240176316 0.114283513928
0.51069444894 0.0824286331345 0.855801893371
0.458395299062 0.816008844421 -0.352140403945
-0.727368402868 0.572131627188 0.378946109056
0.0189049229458
0 0 0

00000023.jpg
C:\Users\Nanio\Desktop\Fotos carrinho 3\2016-02-29 15.01.42.jpg
588.676574707
320 240
1.90440713401 -2.93615393103 4.44055151888
4.46026949247 -0.0251018874661 -3.47442512475
0.52751353503 1.23359041427 0.305885091937
0.77249378034 0.243433613818 0.569269511732 0.141157919937
0.312013083534 0.0590714708774 0.948239391568
0.495245931665 0.841628996118 -0.215388175091
-0.810789237031 0.536815635309 0.233344483002
-0.0291735420219
0 0 0

00000024.jpg
C:\Users\Nanio\Desktop\Fotos carrinho 3\2016-02-29 15.02.14.jpg
601.250549316
320 240
1.99622963895 -2.91633969398 3.62311430443
4.02016009514 -0.760723653437 -2.97935096877
0.741922159141 1.29244757268 0.448485814256
0.712220350202 0.334641985154 0.582954985371 0.20228831468
0.23848602207 0.102014682808 0.965772974072
0.6783101001 0.694188751774 -0.240827719987
-0.694996641259 0.712527607449 0.0963565351252
-0.00997373638721
0 0 0

00000025.jpg
C:\Users\Nanio\Desktop\Fotos carrinho 3\2016-02-29 15.02.28.jpg
657.584472656
320 240
3.19186956659 -1.61521189051 2.6681443925
3.95147247481 -0.275331292286 -2.05572119336
0.405821945047 1.7732633315 0.740503363804
0.555339085185 0.171834241492 0.750840025415 0.313545966141
-0.324142503391 -0.0902084369647 0.941697054205
0.606288883037 0.744323610946 0.279992424447
-0.726186197134 0.661697506341 -0.186575109417
0.01811279511
0 0 0

00000026.jpg
C:\Users\Nanio\Desktop\Fotos carrinho 3\2016-02-29 15.00.00.jpg
624.98236084
320 240
-2.27598455617 -2.63336672196 4.16857066341
0.915073148691 0.128447735868 -5.3514358844
0.537009504762 -0.254253824178 -0.0794149849284
0.955418786157 0.264502676627 -0.125232079584 -0.0391156504523
0.965573647368 0.00849510149283 -0.259990569237
-0.140992207607 0.857016361762 -0.495624567189
0.218605756618 0.515218737764 0.828710218637
-0.0054455735089
0 0 0

00000027.jpg
C:\Users\Nanio\Desktop\Fotos carrinho 3\2016-02-29 15.01.38.jpg
637.465576172
320 240
2.47715796721 -2.49782075858 4.55666737041
5.30017420377 0 -2.24651113082
0.419855768381 1.60105525167 0.317636677986
0.66545219386 0.185949033511 0.709087975124 0.140677436699
-0.0451927296585 0.0764806297343 0.99604608968
0.450937065246 0.891265638362 -0.0479747268374
-0.891410505064 0.446986042347 -0.0747664194502
0.0046910909363
0 0 0

00000028.jpg
C:\Users\Nanio\Desktop\Fotos carrinho 3\2016-02-29 15.02.18.jpg
623.702331543
320 240
2.02731262971 -2.80269812002 3.86008272983
4.81861869565 -0.0296514436175 -1.90929043635
0.577019632111 1.60333860399 0.302943934412
0.64836264761 0.253825586324 0.705293786533 0.133262228001
-0.0303969845033 0.185238751677 0.982222777521
0.530847755569 0.835627347819 -0.141163833719
-0.846921809597 0.517120283002 -0.123733872051
0.0679840261235
0 0 0

00000029.jpg
C:\Users\Nanio\Desktop\Fotos carrinho 3\2016-02-29 15.01.26.jpg
622.475097656
320 240
3.25389384259 -1.76402600882 3.04106191887
4.61478291749 -0.111134744713 -1.28027596964
0.361548399311 2.00063819364 0.514890911857
0.498770724117 0.149418926027 0.826813812014 0.212791557693
-0.457803616289 0.0348148743832 0.888371272571
0.45935167165 0.864787508651 0.202826816859
-0.761190822343 0.500929960585 -0.411894951416
-0.192296235722
0 0 0

00000030.jpg
C:\Users\Nanio\Desktop\Fotos carrinho 3\2016-02-29 15.02.35.jpg
665.613647461
320 240
2.42319289885 0.101463795788 0.50602172033
2.40447948241 -0.485826563026 -0.347376468013
0.181296549341 2.70350627117 1.03309799012
0.120578011203 0.0620631694743 0.925490134766 0.353659988993
-0.963218136272 0.0295894494769 0.267085773209
0.200163921936 0.742144516132 0.639652769036
-0.179289266144 0.669586583213 -0.720770152718
-0.0280625446625
0 0 0

00000031.jpg
C:\Users\Nanio\Desktop\Fotos carrinho 3\2016-02-29 15.01.07.jpg
690.938049316
320 240
2.00423241188 -0.413947863261 0.888269864419
2.12211491243 0.124808045044 0.677033165716
-0.0514348679301 2.9060967393 0.672391583379
0.0790469259869 -0.0171867876952 0.97106242691 0.224677380474
-0.986912796551 -0.0688978773793 0.14579634401
0.00214234768171 0.898448449964 0.439074443822
-0.161241655145 0.433640192883 -0.886541987382
0.196835266152
0 0 0

00000032.jpg
C:\Users\Nanio\Desktop\Fotos carrinho 3\2016-02-29 15.00.06.jpg
682.768310547
320 240
-3.28857108039 -1.78786132782 3.71187595838
0.0817986945847 0.0428516274969 -5.27073454285
0.443657439564 -0.634173094524 -0.202757514675
0.921046639768 0.215959357943 -0.308696760394 -0.0986963787428
0.78993064356 0.0484760347475 -0.611276944752
-0.315139837245 0.887241163228 -0.336882765174
0.52601951072 0.458751798666 0.716135843722
-0.212407142203
0 0 0

00000033.jpg
C:\Users\Nanio\Desktop\Fotos carrinho 3\2016-02-29 15.00.19.jpg
688.969665527
320 240
-3.36205587125 -1.81761536939 3.16048287184
-0.613053863851 -0.109585600165 -4.92015821651
0.48587764926 -0.868524686967 -0.146388235709
0.876163595331 0.232825272544 -0.416183986365 -0.0701470440718
0.643740384727 -0.0708758246102 -0.761954446723
-0.316716969953 0.881743713508 -0.349597949001
0.696626584528 0.466374162504 0.545166484898
-0.117138238855
0 0 0

00000034.jpg
C:\Users\Nanio\Desktop\Fotos carrinho 3\2016-02-29 15.02.32.jpg
751.753540039
320 240
3.23743073328 -0.722558389202 1.98799466185
3.70126915632 -0.673265932456 -0.895819995428
0.303600532184 2.21242005827 0.89871870348
0.358994154087 0.117713928819 0.857813572931 0.348456930323
-0.714533289849 -0.0482348717043 0.697936645146
0.452141132044 0.729442322521 0.513305099283
-0.533863586767 0.682339548485 -0.499401821998
0.39787953885
0 0 0

