# Camera parameter file. 

# The format of each camera is as follows:
# Filename (of the undistorted image in visualize folder)
# Original filename
# Focal Length (of the undistorted image)
# 2-vec Principal Point (image center)
# 3-vec Translation T (as in P = K[R T])
# 3-vec Camera Position C (as in P = K[R -RC])
# 3-vec Axis Angle format of R
# 4-vec Quaternion format of R
# 3x3 Matrix format of R
# [Normalized radial distortion] = [radial distortion] * [focal length]^2
# 3-vec Lat/Lng/Alt from EXIF

# The nubmer of cameras in this reconstruction
34

00000000.jpg
C:\Users\Nanio\Desktop\Organizar\TCC parte 2\Fotos carrinho 3\2016-02-29 15.00.52.jpg
661.223266602
320 240
0.0182095378749 0.00507776335161 -0.484800238693
0.107679274762 0.185374181825 -0.435235123621
0.308461841725 -2.84281519371 -0.546270260902
0.114956339165 0.105255567027 -0.97004583612 -0.186402265317
-0.951413436822 -0.16134173533 -0.262264134915
-0.247054223461 0.908354086227 0.337428050526
0.183787537655 0.385827229175 -0.904080809749
-0.0836781394004
0 0 0

00000001.jpg
C:\Users\Nanio\Desktop\Organizar\TCC parte 2\Fotos carrinho 3\2016-02-29 15.02.44.jpg
684.498840332
320 240
0.175082828702 0.941247478155 0.12276264791
0.623320333261 -0.676862512029 -0.291547808374
0.720772388653 -2.71651341697 -0.845666314325
0.103105393229 0.244268274123 -0.920620787425 -0.286594567628
-0.859401077718 -0.390670347598 -0.329857477415
-0.508868129967 0.716386275803 0.47733032998
0.0498263957923 0.578071835806 -0.814462309633
-0.148678433491
0 0 0

00000002.jpg
C:\Users\Nanio\Desktop\Organizar\TCC parte 2\Fotos carrinho 3\2016-02-29 15.02.39.jpg
686.711486816
320 240
1.06887051592 0.988490747593 0.186699867199
1.1850433983 -0.704378721658 -0.503964765568
-0.221174582296 2.8799746044 1.00768902027
0.0410422295062 -0.072230526983 0.940533406749 0.329088036308
-0.986193602758 -0.162916211654 0.0296509030945
-0.108890184799 0.772920512883 0.625088124553
-0.124755448658 0.613230117089 -0.779989051714
-0.0146688924378
0 0 0

00000003.jpg
C:\Users\Nanio\Desktop\Organizar\TCC parte 2\Fotos carrinho 3\2016-02-29 15.02.49.jpg
679.021240234
320 240
-0.748730107885 1.87563286491 0.280717321299
0.396209066815 -1.4245602168 -1.40393878916
0.731855280657 -2.4907366761 -1.22994815626
0.134050561063 0.252464390336 -0.859216750958 -0.42428895387
-0.83657982805 -0.320101210233 -0.444597140736
-0.547605899509 0.512473044926 0.66143747696
0.0161168094263 0.796809449652 -0.60401500519
-0.0934632838889
0 0 0

00000004.jpg
C:\Users\Nanio\Desktop\Organizar\TCC parte 2\Fotos carrinho 3\2016-02-29 15.02.54.jpg
849.578979492
320 240
-1.55839204527 1.96697040181 1.51231866727
-0.224816397099 -2.48001464565 -1.54391157198
0.669862189697 -2.24869084889 -1.29228771329
0.229390752301 0.243402597157 -0.817089247969 -0.469568503085
-0.776270931214 -0.182334901293 -0.603454500006
-0.613193590011 0.440518765436 0.655693890668
0.146276369149 0.879031110163 -0.453767365258
-0.637129646181
0 0 0

00000005.jpg
C:\Users\Nanio\Desktop\Organizar\TCC parte 2\Fotos carrinho 3\2016-02-29 15.02.59.jpg
764.608154297
320 240
-2.14061046758 2.06080104463 0.822039157887
-0.333933430442 -1.70614268203 -2.54605831669
0.640272215731 -2.07322966165 -1.34549757749
0.289994221282 0.240000955228 -0.777133673735 -0.504349081407
-0.716606507573 -0.0805078614845 -0.692817477097
-0.665541137953 0.376063407736 0.644694443203
0.208639621092 0.923090003676 -0.323070306655
-0.104986895438
0 0 0

00000006.jpg
C:\Users\Nanio\Desktop\Organizar\TCC parte 2\Fotos carrinho 3\2016-02-29 15.02.07.jpg
604.637084961
320 240
-0.0589053741014 -3.39597328752 5.0838744718
0.885942706462 -1.35249502889 -5.89642130618
0.815266923396 0.142600530048 -0.00354178646989
0.915588798689 0.396097975597 0.0692825621282 -0.00172077930609
0.99039316117 0.0580363293368 0.125505342685
0.0517342243061 0.686205997297 -0.725563813508
-0.128232008632 0.725087665052 0.676612234669
-0.00932433692
0 0 0

00000007.jpg
C:\Users\Nanio\Desktop\Organizar\TCC parte 2\Fotos carrinho 3\2016-02-29 15.02.10.jpg
614.682312012
320 240
0.481895224952 -3.31223962478 4.89213709927
1.72377664213 -1.38183520625 -5.50048175431
0.831022627106 0.381679720378 0.0679371515393
0.896716747629 0.401105193199 0.184223284648 0.0327908571978
0.929972185198 0.0889775234812 0.356697352841
0.206593966755 0.676078893905 -0.707273937457
-0.304087065747 0.731437039752 0.610352622813
0.0388941303873
0 0 0

00000008.jpg
C:\Users\Nanio\Desktop\Organizar\TCC parte 2\Fotos carrinho 3\2016-02-29 15.00.56.jpg
625.500366211
320 240
1.01790973495 -0.166998429232 -0.286281137039
0.979729155056 0.373057158648 -0.216670492108
-0.164219479779 3.0433679694 0.594614990184
0.0176200655202 -0.0528575171897 0.979572429368 0.19138942656
-0.993787322923 -0.110370984671 0.0142734471478
-0.0968818077279 0.921094767115 0.377091661227
-0.0547670744011 0.373366249562 -0.926065577357
-0.18823781679
0 0 0

00000009.jpg
C:\Users\Nanio\Desktop\Organizar\TCC parte 2\Fotos carrinho 3\2016-02-29 15.01.01.jpg
649.965270996
320 240
1.65043592176 -0.252133894865 0.11074614268
1.640177001 0.281234879546 -0.17464793388
-0.0151927556142 2.86637615798 0.523019942886
0.113673873246 -0.00518035708158 0.977363975666 0.17833697413
-0.974102930488 -0.0506704675115 0.220354142657
0.0304185508579 0.936337450255 0.349781765724
-0.224048852085 0.347426280707 -0.910547521932
-0.0794906847142
0 0 0

00000010.jpg
C:\Users\Nanio\Desktop\Organizar\TCC parte 2\Fotos carrinho 3\2016-02-29 15.00.47.jpg
624.807617188
320 240
-1.18646958135 0.0818669332614 -0.5532357893
-0.710369469618 0 -1.10265989898
0.40292819264 -2.51736394112 -0.586016617458
0.259832416429 0.148740319728 -0.929281009154 -0.21632712885
-0.820726856644 -0.164026564807 -0.547267820339
-0.38886176732 0.862157767004 0.32476238684
0.418561500262 0.479352613622 -0.77137937185
-0.199443568682
0 0 0

00000011.jpg
C:\Users\Nanio\Desktop\Organizar\TCC parte 2\Fotos carrinho 3\2016-02-29 15.00.38.jpg
659.543640137
320 240
-1.7405060904 0.0380540956638 -0.225039515764
-1.10447951243 0.0342990897566 -1.3639663018
0.283538132106 -2.31181462345 -0.612917424353
0.358423431461 0.109905210342 -0.89610688543 -0.237579396977
-0.718906842348 -0.0266661930346 -0.694594020819
-0.36728228387 0.86295324657 0.34700884011
0.590148798506 0.504579250615 -0.630176979342
-0.125845685268
0 0 0

00000012.jpg
C:\Users\Nanio\Desktop\Organizar\TCC parte 2\Fotos carrinho 3\2016-02-29 15.00.33.jpg
634.901916504
320 240
-2.59083556885 -0.631779847555 0.293861362465
-1.63101345275 0.120375464858 -2.12678870579
0.434563360919 -1.98712026111 -0.446520175821
0.505135329044 0.180092630777 -0.823506415118 -0.185047798297
-0.424809627251 -0.109666059535 -0.898616044763
-0.483562781461 0.866647789568 0.12283339858
0.765312691121 0.486717999803 -0.421191359722
-0.166925847278
0 0 0

00000013.jpg
C:\Users\Nanio\Desktop\Organizar\TCC parte 2\Fotos carrinho 3\2016-02-29 15.00.28.jpg
618.414245605
320 240
-3.06594882939 -0.955056420738 0.898091355189
-1.74603259485 0.0297388693935 -2.84063829743
0.490803732689 -1.71124965122 -0.400654736303
0.611860748985 0.21274388782 -0.741758628924 -0.173667885139
-0.160732419433 -0.103088348101 -0.981599987387
-0.528130597205 0.849158261469 -0.00270015969865
0.833811973653 0.517978378475 -0.190931537439
-0.139104145576
0 0 0

00000014.jpg
C:\Users\Nanio\Desktop\Organizar\TCC parte 2\Fotos carrinho 3\2016-02-29 15.00.23.jpg
614.214904785
320 240
-3.32394447769 -1.33874941947 1.82493916866
-2.03335738889 0 -3.46939679946
0.466499624352 -1.4980181852 -0.30022684164
0.697624274615 0.209228544046 -0.67187227488 -0.134653966865
0.0609122629899 -0.0932741041438 -0.993775309372
-0.469025607976 0.876183853807 -0.110985498683
0.881082324216 0.472866146392 0.00962239732862
-0.130131689754
0 0 0

00000015.jpg
C:\Users\Nanio\Desktop\Organizar\TCC parte 2\Fotos carrinho 3\2016-02-29 15.01.50.jpg
626.838500977
320 240
0.5644115825 -2.90172356822 5.63673645647
1.54360751207 -0.116889564416 -6.17373529049
0.493891321832 0.340983379291 0.022038368322
0.955252223344 0.243251130785 0.167940979979 0.0108543272133
0.943356530528 0.0609663540329 0.32613278417
0.102440834847 0.881421555967 -0.461086193982
-0.315571193892 0.468378540072 0.825249154318
0.0874497751498
0 0 0

00000016.jpg
C:\Users\Nanio\Desktop\Organizar\TCC parte 2\Fotos carrinho 3\2016-02-29 14.59.47.jpg
608.332519531
320 240
-0.74628169709 -2.96380881458 5.02694137155
0.746508040623 0.0369634045482 -5.83546327295
0.525651194667 -0.00151889790562 0.00564545581494
0.965655335976 0.259809765507 -0.000750734541633 0.00279033809177
0.999982951137 -0.00577913270089 0
0.00499888676908 0.864981822217 -0.501777544547
0.00289980326412 0.501769201057 0.864996138245
-0.00936412038469
0 0 0

00000017.jpg
C:\Users\Nanio\Desktop\Organizar\TCC parte 2\Fotos carrinho 3\2016-02-29 14.59.51.jpg
614.053039551
320 240
-1.16847795505 -3.02320766059 4.90869241938
0.369118745521 0.0465148913636 -5.87043697565
0.546054096271 -0.127478043051 -0.0592998847715
0.960519608115 0.26942442947 -0.0628979788879 -0.0292587084893
0.990375676992 0.0223147207073 -0.136595242243
-0.0900995321412 0.853108074345 -0.51389408829
0.105063725888 0.521255701354 0.846907918954
0.00209549206478
0 0 0

00000018.jpg
C:\Users\Nanio\Desktop\Organizar\TCC parte 2\Fotos carrinho 3\2016-02-29 15.01.53.jpg
627.875366211
320 240
0.11968685977 -2.93917025961 5.75241184462
0.591760698359 -0.16917765413 -6.43152646457
0.500621778189 0.125040845542 -0.0478635100589
0.966618713645 0.247519407854 0.061823191468 -0.0236648667392
0.991235973723 0.0763547221919 0.107803931595
-0.0151448899922 0.876347312612 -0.481439485617
-0.131233883646 0.47558808087 0.86982366394
0.132541631394
0 0 0

00000019.jpg
C:\Users\Nanio\Desktop\Organizar\TCC parte 2\Fotos carrinho 3\2016-02-29 14.59.56.jpg
615.535888672
320 240
-1.81894189548 -2.95884247998 4.70560765834
-0.205016315749 -0.0380832020754 -5.84487883923
0.562327642382 -0.341632203939 -0.100311265654
0.945135640406 0.276002806287 -0.167680618732 -0.0492349810607
0.938918211049 0.000506781052172 -0.34413968246
-0.185628160369 0.842796611761 -0.505208431746
0.289784033418 0.538231924548 0.791410692254
0.0194319115555
0 0 0

00000020.jpg
C:\Users\Nanio\Desktop\Organizar\TCC parte 2\Fotos carrinho 3\2016-02-29 15.01.56.jpg
610.905578613
320 240
-0.653561557543 -3.01751150436 5.63807354709
-0.302507505085 -0.17658925575 -6.41854192972
0.519835665368 -0.1282133955 -0.112076427943
0.962828934814 0.256689306441 -0.0633104070382 -0.0553421445925
0.985857239888 0.0740678222059 -0.150325473248
-0.139072250307 0.862095753889 -0.487287920948
0.0935028938363 0.501303645045 0.860205237082
0.0500658421657
0 0 0

00000021.jpg
C:\Users\Nanio\Desktop\Organizar\TCC parte 2\Fotos carrinho 3\2016-02-29 15.02.00.jpg
610.270996094
320 240
-1.72366032352 -2.95686304401 5.15155452351
-0.586454205874 -0.254002823602 -6.15175645263
0.562053547404 -0.354143403284 -0.16126897695
0.94215030383 0.275586476564 -0.173643833688 -0.0790735141556
0.927190084865 0.0532907989926 -0.37078042335
-0.244705742554 0.835598941162 -0.491826821469
0.28361393932 0.546748709036 0.787799754001
0.0234902319037
0 0 0

00000022.jpg
C:\Users\Nanio\Desktop\Organizar\TCC parte 2\Fotos carrinho 3\2016-02-29 15.01.46.jpg
595.719543457
320 240
1.57591344199 -3.2360452064 4.47512841726
2.24850801036 -0.0960532281567 -5.28367497891
0.625305831394 0.694410350892 0.0959622127937
0.891710300758 0.301283570801 0.334579368389 0.0462363161846
0.771837956625 0.119147466121 0.62455635227
0.284065063765 0.814180938112 -0.506376216015
-0.568835124583 0.568254438114 0.594570147179
0.0532399992361
0 0 0

00000023.jpg
C:\Users\Nanio\Desktop\Organizar\TCC parte 2\Fotos carrinho 3\2016-02-29 15.01.42.jpg
571.987487793
320 240
1.87496287268 -2.93025491288 4.37560624646
2.9452211988 -0.0390604453553 -4.75099674765
0.566867566885 0.898868240518 0.168840927404
0.858731020733 0.269956863174 0.428064092554 0.0804063767272
0.620591361067 0.0930228927946 0.778596236946
0.369212692636 0.84131580151 -0.394802213763
-0.691771423605 0.532479116906 0.487768701301
-0.0390177200966
0 0 0

00000024.jpg
C:\Users\Nanio\Desktop\Organizar\TCC parte 2\Fotos carrinho 3\2016-02-29 15.02.14.jpg
591.295410156
320 240
1.97725842378 -2.91450564872 3.59570609183
2.76040267169 -0.75547110198 -4.14034417344
0.788015632295 0.977983873037 0.264714742035
0.80103497972 0.367512448177 0.456109286069 0.123456894669
0.553444907993 0.137465207713 0.821462683296
0.533038372183 0.699385896869 -0.476161124212
-0.639975287568 0.701400181676 0.313797350078
-0.0302743375308
0 0 0

00000025.jpg
C:\Users\Nanio\Desktop\Organizar\TCC parte 2\Fotos carrinho 3\2016-02-29 15.02.28.jpg
664.785705566
320 240
3.18763244237 -1.61333068842 2.72905716833
3.05898481825 -0.29317863187 -3.2815006194
0.496552954422 1.4577051528 0.584041179479
0.679661999791 0.221151560582 0.649223343729 0.260116503457
0.0216969052254 -0.066429054733 0.997555358084
0.64073615694 0.766862876617 0.0371304757459
-0.767454386354 0.638363723433 0.0592019539948
-0.00754569866567
0 0 0

00000026.jpg
C:\Users\Nanio\Desktop\Organizar\TCC parte 2\Fotos carrinho 3\2016-02-29 15.00.00.jpg
618.720581055
320 240
-2.30401277836 -2.59788811193 4.12158986252
-0.929600635475 -0.0361551868259 -5.30843971617
0.554325783662 -0.59245224811 -0.195416707047
0.914197872746 0.269189541256 -0.287704367333 -0.0948975048141
0.816441051244 0.018616061416 -0.57712814488
-0.328404326704 0.83706346546 -0.43758007085
0.474946737501 0.546789953077 0.689526485431
0.0129805092641
0 0 0

00000027.jpg
C:\Users\Nanio\Desktop\Organizar\TCC parte 2\Fotos carrinho 3\2016-02-29 15.01.38.jpg
624.044372559
320 240
2.47767940041 -2.47987132977 4.47534354212
4.1431977511 0.0475275912961 -3.89217344831
0.450659809471 1.2722322799 0.189897631529
0.77663314312 0.2082887241 0.588008144438 0.0877680559693
0.293086658422 0.108623724549 0.949895490925
0.381278049241 0.897825000944 -0.220311228495
-0.876770962656 0.426744477403 0.221724496605
-0.0467678907522
0 0 0

00000028.jpg
C:\Users\Nanio\Desktop\Organizar\TCC parte 2\Fotos carrinho 3\2016-02-29 15.02.18.jpg
621.543334961
320 240
2.02898859075 -2.7846433646 3.86985007735
3.86655018633 0 -3.44913916139
0.592102576903 1.27612988414 0.149276042307
0.760086559066 0.271973687581 0.586171660047 0.0685677740266
0.303402663917 0.214611728517 0.928379536929
0.423081502208 0.84265743333 -0.333062091627
-0.8537852635 0.493832085773 0.164866211847
0.0585085789253
0 0 0

00000029.jpg
C:\Users\Nanio\Desktop\Organizar\TCC parte 2\Fotos carrinho 3\2016-02-29 15.01.26.jpg
607.131591797
320 240
3.26103842215 -1.74935598409 3.01167712503
3.83777195182 -0.0638785392621 -2.83412124714
0.414445102948 1.66030313708 0.385528156279
0.639407151907 0.181658212837 0.727738603988 0.168983431991
-0.116317456673 0.0483008027211 0.992037008838
0.480497662597 0.876889549052 0.0136444567749
-0.869248063597 0.478258698738 -0.125206068738
-0.158850334358
0 0 0

00000030.jpg
C:\Users\Nanio\Desktop\Organizar\TCC parte 2\Fotos carrinho 3\2016-02-29 15.02.35.jpg
672.33807373
320 240
2.45708240778 0.116460141868 0.56632887885
2.20120140778 -0.489027876791 -1.13450871429
0.297006676182 2.39515148888 0.864492791706
0.284965450397 0.111049446359 0.895536255973 0.323229925787
-0.812925392331 0.0146790971582 0.582182749001
0.383116542693 0.766381157819 0.515637347865
-0.438604821121 0.642218369858 -0.628634533809
-0.0729287917427
0 0 0

00000031.jpg
C:\Users\Nanio\Desktop\Organizar\TCC parte 2\Fotos carrinho 3\2016-02-29 15.01.07.jpg
702.052368164
320 240
2.03482516636 -0.377536540985 0.96669676857
2.27935296312 0.134680781933 -0.0629247121029
0.0246053742136 2.57184772093 0.573634575865
0.250519585605 0.00903958666649 0.944852135333 0.21074336925
-0.874316539427 -0.0885083284428 0.477217926371
0.122673037691 0.911011090347 0.39371331454
-0.469597935235 0.402771688563 -0.785654299833
0.154446605434
0 0 0

00000032.jpg
C:\Users\Nanio\Desktop\Organizar\TCC parte 2\Fotos carrinho 3\2016-02-29 15.00.06.jpg
606.563781738
320 240
-3.30654720895 -1.78345929266 3.33730042446
-1.49652311878 -0.046060114731 -4.79685771071
0.467164381355 -0.987995672685 -0.298903216987
0.843780781618 0.221287221293 -0.467995476076 -0.141584985847
0.521868034329 0.0318104891716 -0.852433036095
-0.446056270923 0.861971383908 -0.240913602504
0.727109318294 0.505958015674 0.464024611473
-0.0540562989369
0 0 0

00000033.jpg
C:\Users\Nanio\Desktop\Organizar\TCC parte 2\Fotos carrinho 3\2016-02-29 15.02.32.jpg
868.811584473
320 240
3.255887499 -0.717841364195 2.50241030576
3.56720559864 -0.907012666023 -1.95717399962
0.395312949881 1.90390245043 0.726853596884
0.507979608541 0.164028853318 0.7899941954 0.301596398658
-0.43010247638 -0.0472460170409 0.901542874308
0.565573265069 0.764268173199 0.309872213808
-0.703660894207 0.643165464599 -0.301992566046
0.867763404443
0 0 0

