# Bundle file v0.3
53 7997
615.785339355 0 0
0.932315794477 0.202023274898 -0.299958006297
0.357391776596 -0.387829042201 0.849623937281
0.0553113468851 -0.899319788209 -0.433780327674
0.150546399249 -0.209517279999 -0.446114916848
623.815063477 0 0
0.585631362735 -0.618464148752 -0.523962230069
0.373979851083 -0.367338511343 0.851588177478
-0.719148279397 -0.694667709092 0.0161682852308
0.521338704593 -0.209933814373 -0.766374857952
616.372131348 0 0
0.912646054998 0.0929797560268 -0.3980358792
0.401678412524 -0.384379732296 0.831208308678
-0.0757116567012 -0.918480779565 -0.388150161363
0.216893941178 -0.183610402914 -0.517680164665
634.869018555 0 0
0.885638470977 -0.146569733017 -0.440638480038
0.352255160051 -0.406259501785 0.843131145304
-0.302590219064 -0.901926564726 -0.308169431442
0.354438068703 -0.183899806009 -0.603983641147
620.395568848 0 0
0.696115023253 -0.443762510064 -0.5643570474
0.411562314737 -0.397436701969 0.820158382696
-0.588251353318 -0.803192893975 -0.0940259928084
0.479682293219 -0.179699814107 -0.650856262454
637.586975098 0 0
0.638271276864 -0.603078716542 -0.47843977384
0.201919350014 -0.468586696707 0.860032711879
-0.74285763127 -0.645540425042 -0.177312493869
0.618331308803 -0.113051098278 -0.665374258539
640.594604492 0 0
0.838610970449 0.51235095601 -0.185011943242
0.401347185355 -0.351501211411 0.845794970153
0.368311548141 -0.783545310949 -0.500402582531
-0.0338621180493 -0.235037551175 -0.434721306483
632.345825195 0 0
0.723830301347 -0.286925485614 0.627491383804
-0.604391268886 -0.702366443747 0.376021134117
0.332838380106 -0.651425602875 -0.68180849176
-0.01201407401 0.037419122277 -0.376278002394
625.65447998 0 0
0.551307850425 -0.310643681669 0.774314275315
-0.650560212069 -0.74111994452 0.165869131181
0.522332372686 -0.595182563151 -0.610676838928
-0.0428969596969 0.122000875299 -0.253088511608
624.389953613 0 0
0.740140564457 0.670878748261 0.0459826288092
0.344823221802 -0.437349890823 0.83055625891
0.577312623068 -0.598871260415 -0.555034094577
-0.203910450294 -0.166882052657 -0.365009578913
627.669921875 0 0
0.595681534282 -0.649178745411 -0.473002863534
-0.0142089430614 -0.59730701963 0.801887815838
-0.803096164922 -0.470947738044 -0.365028332429
0.568997049205 -0.0547275499057 -0.761827914613
621.806518555 0 0
0.592646618109 -0.657186298232 -0.46570124164
-0.017011285467 -0.588261807255 0.808491406092
-0.805283389853 -0.471226444842 -0.359810483758
0.582066365944 -0.0651598507601 -0.768153821741
617.114257813 0 0
0.685794244326 -0.284041695794 -0.670078784219
0.131264548209 -0.857325637572 0.4977565457
-0.715860007637 -0.429316499682 -0.550664946626
0.527727684398 0.205316814484 -0.75916020468
643.33013916 0 0
-0.207932020317 0.703533470653 -0.679562037571
0.222309926002 -0.642574964013 -0.733263716059
-0.952545201366 -0.303542963858 -0.0227904035717
-0.0559717313043 0.417477001036 -0.875887115521
633.84161377 0 0
0.701886005409 0.0644574497603 -0.709366359775
0.286702800266 -0.937224990618 0.198517706386
-0.652041428068 -0.342714619685 -0.676306430615
0.369549510228 0.346151347371 -0.825975402183
631.899841309 0 0
0.884436123475 -0.0350518514922 -0.465343492692
0.123606795252 -0.943962351086 0.306033242725
-0.449994147754 -0.328186227954 -0.830541361223
0.383050634216 0.254362989767 -0.759954589942
638.841552734 0 0
0.961491812756 -0.0198022144874 -0.274120342734
0.066485880431 -0.951017286445 0.301903240002
-0.266671547501 -0.308502399368 -0.913078247628
0.329089923264 0.203383335786 -0.733851840482
620.414306641 0 0
0.966051641084 -0.178034393583 0.18721158737
-0.237556086814 -0.896968984594 0.372843358225
0.101544041612 -0.404659844885 -0.908811504713
0.20968664748 0.124082528341 -0.54097452353
626.74810791 0 0
0.909858893378 -0.180918272156 0.373396610167
-0.329234032616 -0.862482668851 0.384356382741
0.252510392572 -0.472644560519 -0.844301764506
0.108367129936 0.130930461311 -0.551012801675
626.080688477 0 0
0.91878730582 -0.217577431783 0.329379304362
-0.308846878391 -0.915866403704 0.256519884947
0.245854494672 -0.33741467297 -0.908683933869
0.183274640974 0.252846185157 -0.567455853213
628.648376465 0 0
0.585285561331 0.474864093078 0.657225296011
-0.666946654385 -0.179010597044 0.723282694328
0.461110744143 -0.861660685807 0.211936593328
-0.291350062498 -0.327490532671 -0.550114897121
655.454345703 0 0
0.477203802117 0.470385787386 0.742302406228
-0.813764432531 -0.082355116404 0.5753313091
0.331760179751 -0.878609976317 0.343483138242
-0.357346813471 -0.35626361869 -0.64919890822
662.523132324 0 0
0.295901783783 0.487581869392 0.821404712122
-0.953069477795 0.0930458796162 0.288100770324
0.0640442634722 -0.868105271855 0.492232002357
-0.429079191004 -0.337646962485 -0.794339058999
653.453735352 0 0
-0.420897583888 0.334395018851 0.843223128321
-0.880611817643 0.0724067581032 -0.468274517227
-0.217643588127 -0.939646963056 0.263996414659
-0.662281344692 0.125332613865 -0.665894248878
641.752807617 0 0
-0.0415057689695 0.514814179166 0.856296073483
-0.94821763465 0.249812764123 -0.196150953716
-0.314895419479 -0.820096671046 0.477787315553
-0.513887521804 -0.153209965219 -0.849535571722
638.70690918 0 0
-0.10042443976 0.613750349248 0.783087426663
-0.900770122398 0.27816039694 -0.33352698833
-0.422525561373 -0.738875432217 0.524912886139
-0.54686235997 -0.11640948949 -0.960698856438
625.988891602 0 0
-0.856367815909 0.261621754477 -0.445183425664
0.110362801015 -0.749490104634 -0.652751019989
-0.504434760193 -0.608127157413 0.612965910772
-0.0418189645114 0.470537422056 -0.962320817539
636.696228027 0 0
-0.0683490698292 0.71366204268 0.697147489412
-0.883910232633 0.28072071614 -0.374030277063
-0.462634533868 -0.641780213229 0.61162549813
-0.535410467275 -0.0964448905334 -1.05418838727
633.519897461 0 0
0.0649400118966 0.58974889473 0.804970897725
-0.969222326745 0.229240077343 -0.0897584353497
-0.237466368506 -0.774367470207 0.58648479941
-0.636484588857 -0.247686506031 -0.873114723361
639.811828613 0 0
-0.454501553497 -0.215414131135 -0.864306611154
0.683171472527 -0.706941435671 -0.183056983415
-0.571580898578 -0.673669641798 0.468470935511
0.283509384527 0.314022356548 -0.773206681759
633.415588379 0 0
0.183285906084 0.695693356358 0.694563194399
-0.981811189093 0.0939441571339 0.16498992497
0.0495322437847 -0.712169452931 0.700257258977
-0.530994884529 -0.277309471787 -0.77048153354
634.722595215 0 0
0.40519242801 0.701412949414 0.586377879584
-0.833398709782 0.0197007255444 0.552320230864
0.375852591149 -0.7124827034 0.592539458324
-0.456033446742 -0.374983762433 -0.739998306417
627.999267578 0 0
0.419277750866 0.663309519019 0.619860053302
-0.832020382319 0.00756057479275 0.554693420748
0.363246858625 -0.748306416493 0.55505734493
-0.565524069877 -0.37491112251 -0.6975132108
629.77130127 0 0
0.121410940273 0.777699502717 0.616800224912
-0.974746785189 0.210746458698 -0.0738521996643
-0.187422906065 -0.592258076896 0.783647036
-0.592484481816 -0.166153705749 -0.894595829407
625.33380127 0 0
-0.920229048578 0.0836883967951 -0.38232694362
0.101905205651 -0.891942490207 -0.440516562662
-0.377879991795 -0.444337269197 0.812263170646
0.0647112495615 0.511543668073 -1.04616989008
640.143432617 0 0
0.425320802883 0.6767490959 0.600926281168
-0.701673370643 -0.172798255964 0.691227975716
0.571626628433 -0.715646925978 0.40136213539
-0.461811398994 -0.286141862922 -0.573769589887
636.191772461 0 0
0.384191694159 0.8218614012 0.420642841686
-0.525085005042 -0.180242486039 0.831744772794
0.759396711232 -0.540422540491 0.362299253902
-0.435247218226 -0.398898127903 -0.528872783946
631.456542969 0 0
0.212828548428 0.739832878973 0.638241075371
-0.976030892734 0.130575878443 0.174107893865
0.0454720051042 -0.659997899378 0.749889694376
-0.638909508896 -0.240177639356 -0.822058371757
640.672302246 0 0
0.468591992661 0.784821164381 0.405557430418
-0.407597651487 -0.215220293426 0.88743625404
0.783763427612 -0.581150058256 0.219041140639
-0.405633559851 -0.323117995432 -0.480869243388
633.475158691 0 0
0.985314916444 -0.07457328662 -0.153598670303
-0.0460368391642 -0.982295821337 0.1815907625
-0.164421181668 -0.171852403483 -0.971304040382
0.184250973475 0.329848460074 -0.560365298242
637.812133789 0 0
0.965489212551 -0.0341508542986 -0.258191982975
-0.0132244094541 -0.996515103196 0.0823562100585
-0.260104916264 -0.0760996367077 -0.96257671547
0.25853883605 0.374234044219 -0.591755677911
622.825195313 0 0
0.894779376715 0.0137748604231 -0.446295640865
0.0275360648294 -0.999324158673 0.0243631076311
-0.445658406254 -0.0340887792123 -0.894553945302
0.33230413622 0.439218295803 -0.694207202681
632.768066406 0 0
0.654580860223 0.130370052855 -0.744666175721
0.121109589706 -0.990380229045 -0.0669290765045
-0.746227833025 -0.046375755432 -0.664072651659
0.278065367832 0.486459478505 -0.918552767775
627.385925293 0 0
-0.717383144034 0.2159671112 -0.662359325109
0.203918793449 -0.844006816198 -0.496053455957
-0.666166884753 -0.490927885225 0.561436641826
0.0808632047365 0.530548822871 -1.09788716796
632.799865723 0 0
-0.522702006743 0.294484710233 -0.800038525612
0.297848653251 -0.816223664622 -0.495040511903
-0.798792312072 -0.497049032322 0.338929971084
0.0405680430854 0.566820155737 -1.00231309408
630.885864258 0 0
-0.563512999925 0.262741470979 -0.783211647581
0.252157309058 -0.848124040271 -0.465942094536
-0.786682908372 -0.460056988837 0.411676707791
0.0984430148723 0.586642907775 -1.2331905689
636.72064209 0 0
-0.455690123901 0.332877094743 -0.825553934836
0.228177727198 -0.852773099421 -0.469802047743
-0.860396114952 -0.40245701328 0.312644969541
0.0521107733363 0.596035547641 -1.3260405409
628.014587402 0 0
0.807536083476 0.589817997252 -8.32667268469e-017
0.292695471719 -0.400737403032 0.868181193595
0.512068909265 -0.701087799664 -0.496247045699
-0.144732523138 -0.284299123706 -0.238226444397
641.417358398 0 0
-0.358880636502 0.322138285342 -0.876031739427
0.220195995462 -0.882843702765 -0.41485007861
-0.907038147111 -0.341780313694 0.245901939765
0.0302558385166 0.612986572616 -1.40165074524
627.967346191 0 0
-0.757794602239 0.166189854644 -0.630973772462
0.096637265312 -0.927769828399 -0.360422485357
-0.645297191911 -0.334101880419 0.686999009597
0.225479897591 0.461517113982 -1.16943140665
630.010192871 0 0
0.468214245543 0.857055597258 0.215014507269
0.0333123084819 -0.260283059532 0.964957617949
0.882986780054 -0.444644570696 -0.150418854338
-0.339126529656 -0.34703725952 -0.394042678853
626.105407715 0 0
0.520308092708 0.836431474252 0.172226781316
0.359108157373 -0.397277718272 0.844518478889
0.774803728936 -0.377561673357 -0.507076159238
-0.269036605775 -0.209699367839 -0.28119028161
634.487060547 0 0
0.191389577474 0.221625207377 -0.956165127508
0.163793261192 -0.96772514764 -0.191519203437
-0.967750919385 -0.119958638259 -0.221513495256
0.146263052497 0.530665384463 -1.06887068023
-0.00779398238367 0.370596274115 0.522499654122
77 56 49
28 0 50 37.6474914551 54.3128204346 1 64 8.09210205078 58.877822876 2 65 21.2050170898 61.6151428223 4 56 9.03622436523 61.5021972656 3 66 36.0302124023 59.5434265137 6 55 34.0346984863 48.0746002197 7 61 132.815856934 -14.518371582 8 47 190.877166748 -48.2489624023 9 46 45.0443725586 71.4320220947 18 70 125.527862549 9.15922546387 19 95 146.908508301 28.4772033691 20 27 184.432220459 -8.33543395996 21 29 165.631439209 -65.2117004395 22 44 139.465454102 -112.684020996 23 44 -70.646270752 -64.5959777832 24 60 89.1251831055 -110.598236084 25 59 59.9550170898 -120.199615479 26 58 -121.783996582 -107.33505249 27 57 61.0954589844 -118.127624512 28 60 1.37078857422 -151.411956787 29 33 -202.094680786 -40.2785949707 33 71 15.1202392578 -107.275756836 35 21 99.3859863281 17.3509979248 38 31 102.563690186 72.9375610352 43 123 -111.123947144 -27.4429626465 45 124 -107.533706665 14.2826690674 47 36 56.29296875 14.9152679443 51 44 114.456848145 69.879989624
-0.127255315919 0.36277626599 0.620506767546
66 45 44
14 0 57 -47.7280578613 77.3488006592 1 34 -69.6859741211 93.4230804443 4 35 -80.6177215576 87.8729858398 6 65 -41.2763061523 66.5776367188 20 33 169.037689209 112.026870728 21 22 172.938537598 61.1155395508 24 36 167.267364502 -52.4545288086 25 42 131.870147705 -82.7813415527 26 37 -97.5676116943 -186.623413086 9 68 -16.7949523926 90.2993774414 27 40 123.811553955 -85.6859436035 47 49 -24.6389160156 51.6588745117 50 78 38.2751464844 126.851303101 51 78 56.0060424805 91.925201416
-0.111758221921 0.367718261927 0.591065516045
113 77 67
22 0 59 -33.0662231445 65.4029541016 1 51 -54.8347167969 78.7584686279 2 66 -48.6913146973 69.8899383545 4 38 -62.2689819336 75.7438659668 3 62 -34.3065795898 73.9451904297 5 81 29.0706481934 139.353515625 6 64 -28.8719787598 54.5914306641 7 76 102.937164307 40.6498413086 8 73 166.321502686 14.2220306396 9 64 -8.12191772461 78.4392242432 20 37 165.026306152 86.3305511475 22 36 161.181671143 -22.0934143066 23 35 4.14807128906 -20.8842468262 24 41 142.619110107 -53.9776611328 25 49 111.678924561 -80.1280212402 26 44 -92.212890625 -165.689300537 27 44 106.254241943 -82.2660827637 29 27 -240.241638184 -122.759216309 30 26 114.049530029 -36.5641479492 38 50 69.558807373 166.745864868 44 86 -187.018951416 -42.4324645996 47 53 -13.4283447266 35.5031890869
-0.181418978523 0.381410084119 0.583241230982
53 50 43
22 0 63 -67.5337524414 43.2775115967 1 33 -88.0593261719 55.4260559082 2 67 -82.3477478027 46.8526306152 4 36 -98.8178405762 49.5060577393 3 54 -70.4708862305 52.8771057129 6 75 -57.2984008789 30.814239502 9 77 -33.9227905273 54.0219573975 8 82 128.09588623 36.4678955078 20 45 124.742095947 109.494842529 5 70 -4.54653930664 125.424606323 21 33 130.237091064 73.3927154541 22 35 142.198760986 30.3112792969 23 33 25.8672790527 31.8564910889 24 37 146.127655029 0.278472900391 25 43 119.74395752 -28.8485107422 26 38 -40.5686950684 -181.881134033 27 37 115.365905762 -32.995513916 28 33 37.4159545898 -29.3311157227 29 24 -214.98248291 -182.816864014 43 79 -70.2958831787 -88.4752502441 47 58 -46.4641418457 11.9860839844 51 99 40.3857116699 49.1242675781
-0.302990127953 0.457745865249 0.256618260768
195 230 244
21 0 64 -72.1736297607 -172.844665527 1 53 -53.6170959473 -198.159362793 2 73 -71.9740905762 -162.842773438 4 54 -56.8605957031 -198.151763916 5 65 19.968536377 -136.739074707 6 79 -62.5930175781 -185.177001953 7 89 -134.127029419 -2.77314758301 8 83 -113.557617188 16.8068084717 10 72 -22.3995666504 -88.8437805176 11 62 -13.2881774902 -90.0908203125 12 61 13.2802734375 -68.135925293 13 35 135.242706299 -116.968902588 14 52 4.25387573242 -77.6146850586 15 46 -11.4612731934 -88.2513122559 17 113 -73.674407959 -75.3531188965 18 106 -91.6311340332 -38.8455505371 19 119 -67.4504547119 -4.81059265137 43 119 146.909362793 -28.2651672363 44 98 90.2836914063 -17.1272277832 45 93 108.094512939 1.29887390137 46 118 72.3135681152 8.66571044922
-0.302589986077 0.457673935473 0.256711804588
195 230 244
16 0 65 -72.1736297607 -172.844665527 1 52 -53.6170959473 -198.159362793 2 74 -71.9740905762 -162.842773438 3 48 -57.9281921387 -164.573730469 5 64 19.968536377 -136.739074707 6 80 -62.5930175781 -185.177001953 7 90 -134.127029419 -2.77314758301 8 84 -113.557617188 16.8068084717 10 71 -22.3995666504 -88.8437805176 11 61 -13.2881774902 -90.0908203125 12 62 13.2802734375 -68.135925293 13 34 135.242706299 -116.968902588 14 51 4.25387573242 -77.6146850586 15 45 -11.4612731934 -88.2513122559 18 105 -91.6311340332 -38.8455505371 46 117 72.3135681152 8.66571044922
-0.275576364216 0.45715074282 0.235652925479
150 101 142
23 0 66 -53.2740783691 -178.836364746 1 50 -33.2464294434 -196.506072998 2 72 -52.6039123535 -165.683532715 3 51 -38.0683898926 -165.823028564 4 34 -34.4060058594 -195.040771484 5 94 42.4557800293 -146.179077148 6 133 -45.8578491211 -195.742645264 7 106 -133.949127197 -20.3360595703 8 135 -120.936630249 0.357681274414 9 141 -60.3854064941 -181.053222656 10 104 -2.52575683594 -102.260681152 11 110 5.89340209961 -103.876312256 12 77 34.9195861816 -72.3787841797 13 68 141.589447021 -93.2915344238 14 60 23.0100708008 -72.548614502 15 66 7.74725341797 -86.0341186523 16 61 -5.66455078125 -108.38949585 17 71 -58.5348205566 -83.8055725098 18 89 -83.1937713623 -49.8609313965 19 105 -56.2382507324 -12.4002227783 44 142 89.3467712402 -3.97523498535 46 196 73.8597106934 16.7846984863 48 213 37.9796142578 25.41746521
-0.313734090768 0.44648578051 0.307839194033
52 144 216
17 0 76 -89.4103851318 -143.835388184 1 55 -73.5885925293 -168.157989502 2 86 -91.2508850098 -135.489257813 3 73 -78.9955444336 -136.240112305 4 46 -80.3373260498 -169.210266113 7 110 -111.834182739 18.9170684814 8 105 -83.7223968506 32.7746429443 9 103 -77.943649292 -138.87588501 10 68 -41.0299072266 -53.4674987793 11 60 -31.0350646973 -55.0760803223 12 78 -14.9955444336 -45.5670166016 13 29 103.886077881 -146.85244751 14 69 -27.020904541 -65.3056640625 17 137 -66.827911377 -51.2690734863 18 137 -79.8410949707 -18.2192687988 44 112 63.3428649902 -30.2827148438 46 105 49.7848205566 0.537231445313
-0.205430803001 0.354006806376 0.691146793531
193 189 183
13 0 87 -101.222259521 95.3333129883 1 43 -131.688247681 123.569473267 2 89 -119.762680054 96.5831298828 6 119 -86.008605957 81.1872253418 7 162 94.884185791 95.622467041 8 177 170.380737305 67.8761291504 9 145 -50.0298156738 105.553863525 20 58 163.21307373 191.085479736 24 35 229.732543945 -3.57406616211 27 34 177.978973389 -61.2693481445 43 77 -129.06803894 -128.722045898 47 94 -68.5944061279 77.0893707275 49 57 2.4069519043 -125.659332275
-0.278153112257 0.363275365229 0.696214774897
86 87 93
13 0 90 -137.686050415 79.8156890869 1 29 -179.106872559 110.564208984 2 93 -156.549942017 79.8616943359 3 78 -150.733657837 93.9962463379 6 114 -114.470626831 63.3456878662 21 43 155.077758789 191.233535767 23 34 140.68371582 60.4690093994 24 40 246.477172852 56.0774536133 27 29 198.498596191 -7.86166381836 28 36 112.376373291 39.7324066162 43 63 -93.0377502441 -159.598358154 9 132 -74.0816955566 87.0447692871 47 97 -99.497467041 60.2551116943
-0.0562779998092 0.387545699021 0.48780622677
158 121 108
22 0 98 18.299987793 20.0048370361 1 102 -4.40161132813 25.9256134033 2 117 4.46432495117 28.193069458 3 106 19.005279541 27.8489990234 4 92 -4.20568847656 26.7067871094 6 99 17.5377197266 11.975982666 7 116 91.4054870605 -11.5381317139 8 96 142.97265625 -37.0877990723 9 89 26.8269958496 35.5735778809 20 64 138.825622559 -5.51628112793 21 64 123.365936279 -47.9178771973 22 79 105.933868408 -78.2334899902 23 71 -71.7512359619 -17.306427002 24 86 74.082244873 -68.7126464844 25 96 52.4872741699 -80.6322631836 26 102 -80.0734558105 -104.431121826 27 93 55.723449707 -79.8004455566 29 63 -162.365341187 -72.2524414063 30 73 58.8844299316 -91.2311096191 43 201 -77.3846588135 -31.9766540527 47 62 31.6734924316 -26.2263793945 49 194 13.6136169434 -53.3798217773
-0.0636188580486 0.381844466042 0.512556590623
105 51 50
20 0 109 8.64202880859 33.7791748047 1 137 -13.4920654297 39.2819366455 2 124 -5.79748535156 40.8689422607 3 113 8.9850769043 40.2402801514 4 104 -15.2867736816 39.2213439941 6 108 8.66870117188 24.8981170654 8 112 152.71496582 -26.0284729004 9 90 20.5923156738 48.0407409668 20 67 148.021240234 13.9651794434 21 63 134.710632324 -31.6435852051 22 69 122.461090088 -69.9264831543 23 72 -55.1051025391 -23.0201721191 24 84 90.3063049316 -70.2452697754 27 96 66.5425720215 -83.2589111328 29 64 -181.738372803 -79.4567260742 35 60 70.3725891113 43.4678039551 36 69 71.549407959 -11.985458374 43 192 -86.3108062744 -38.8491516113 47 74 23.5734558105 -8.63269042969 51 70 91.7905273438 42.9335784912
-0.11662379242 0.392171447993 0.507732547409
101 49 47
13 0 114 -17.7586975098 17.8023223877 1 122 -36.5060119629 23.4306640625 2 129 -30.8581237793 23.7710876465 3 114 -16.7746887207 26.38230896 6 131 -15.0534973145 6.36976623535 9 117 -2.04196166992 28.8420410156 22 75 105.647949219 -31.4891662598 23 77 -40.618347168 15.068939209 26 108 -48.0495910645 -126.616088867 8 171 118.818878174 -5.26409912109 29 68 -162.901519775 -118.474365234 43 210 -58.8908996582 -52.1167602539 47 84 -4.72903442383 -25.4548034668
-0.115293688736 0.392447153173 0.508175258664
101 49 47
10 0 115 -17.7586975098 17.8023223877 1 123 -36.5060119629 23.4306640625 2 130 -30.8581237793 23.7710876465 3 115 -16.7746887207 26.38230896 4 100 -39.9713439941 21.9423065186 6 130 -15.0534973145 6.36976623535 9 116 -2.04196166992 28.8420410156 20 74 122.037567139 35.0940856934 29 67 -162.901519775 -118.474365234 47 85 -4.72903442383 -25.4548034668
-0.0512472663984 0.36993400663 0.55016771743
103 53 51
25 0 117 8.52548217773 57.9402923584 1 156 -15.887878418 66.7895507813 4 120 -18.7831726074 67.2658233643 5 293 65.6554260254 118.987442017 6 128 7.3561706543 49.9553985596 7 174 117.515625 8.67900085449 8 157 177.918304443 -20.9189453125 9 119 21.8867797852 73.4729309082 20 68 175.743530273 30.5651550293 23 75 -41.6928405762 -45.9259033203 24 97 109.137695313 -88.286895752 25 111 79.1880493164 -103.444396973 26 116 -109.242553711 -129.006469727 27 119 78.0679626465 -103.107849121 28 104 14.2199707031 -123.35345459 29 71 -215.310256958 -71.3389892578 38 109 89.400604248 115.425415039 43 254 -110.636962891 -43.6573791504 44 297 -174.848510742 -14.8915863037 45 299 -114.763412476 1.79425048828 46 340 -129.800811768 5.28282165527 47 86 26.0440979004 23.5170440674 48 483 -150.772872925 22.036026001 50 122 66.9442138672 79.8630828857 51 140 91.5603637695 74.6208648682
-0.0586729172913 0.358484096004 0.592947107789
127 97 91
4 8 1350 198.106506348 -4.99415588379 25 872 102.955780029 -116.06628418 27 839 98.169128418 -117.969787598 9 1015 13.7322387695 98.2344818115
-0.0139868092945 0.395558261424 0.431945034373
51 61 95
14 0 137 55.4359741211 -0.31755065918 1 144 25.2964172363 4.76861572266 2 132 41.4326171875 11.3002624512 3 134 54.8467407227 8.48701477051 4 135 31.7619628906 7.21539306641 6 106 50.6466369629 -8.8811340332 9 81 51.5715026855 9.91781616211 23 80 -113.620193481 -26.7836303711 21 65 110.392486572 -97.0498962402 24 116 39.4829711914 -83.3151245117 25 127 21.6212463379 -86.1520690918 29 83 -129.89515686 -41.8144836426 44 326 -108.030487061 15.557434082 47 73 66.128326416 -61.4587097168
-0.0579925573863 0.376459894837 0.531253914822
105 54 52
19 0 156 7.26943969727 44.8199310303 1 205 -15.7789611816 51.9276733398 2 167 -7.52508544922 52.098526001 6 165 7.04159545898 37.1444702148 8 206 167.325927734 -22.9554443359 20 87 160.771209717 22.9552764893 21 74 148.493103027 -27.5901184082 23 96 -47.8118591309 -34.226776123 25 149 72.8823852539 -94.7094726563 26 163 -99.297744751 -123.977325439 27 160 73.1929626465 -95.0362854004 28 152 8.64993286133 -117.777740479 44 361 -158.776504517 -14.0386199951 45 325 -101.381134033 2.44598388672 46 422 -116.942779541 6.06581115723 47 112 23.570098877 6.49917602539 48 543 -139.325744629 22.2454376221 50 168 63.8334655762 57.863494873 51 178 89.5676879883 56.0980682373
-0.088115052885 0.482981131741 0.206060884796
135 78 92
21 0 157 65.7604370117 -159.678253174 1 254 38.1246948242 -148.174041748 2 175 59.2126159668 -138.977386475 3 174 68.1624450684 -139.862945557 4 203 54.4764709473 -147.534515381 5 411 115.683563232 -120.719360352 6 151 67.8965148926 -179.125671387 7 152 -62.1132202148 -124.983306885 8 116 -72.6399383545 -125.472595215 9 121 48.3718261719 -179.862213135 10 393 66.808807373 -110.616729736 11 396 72.5232849121 -111.794586182 12 335 116.310119629 -70.296295166 14 275 113.475158691 -52.6745605469 15 185 116.179779053 -89.5454406738 17 174 51.2366027832 -141.148956299 16 137 109.452697754 -122.78918457 18 160 10.8493652344 -114.23815918 19 165 42.6282348633 -73.3049621582 40 110 82.9707946777 -73.6541137695 39 159 24.2070007324 -78.9669189453
-0.0757067054471 0.389718461478 0.493865389611
102 51 49
15 0 160 6.30474853516 19.4620056152 1 200 -14.912322998 24.44140625 2 177 -7.1848449707 27.1282806396 3 160 7.1203918457 27.6106414795 4 168 -15.7757263184 24.9622955322 6 164 6.63989257813 9.58100891113 9 166 16.623840332 31.1592407227 20 99 133.352539063 8.42068481445 21 83 120.842315674 -32.8338928223 23 98 -61.6046447754 -7.82203674316 24 122 80.3670654297 -58.1909179688 27 157 60.8232727051 -70.6034851074 29 89 -162.059020996 -86.9396972656 43 329 -70.1172637939 -37.8404541016 47 111 18.9692993164 -27.1047668457
-0.217186953577 0.46210962958 0.180730858884
83 90 119
24 0 172 -8.76196289063 -202.476287842 1 251 9.25354003906 -205.900238037 2 197 -7.22113037109 -184.657806396 3 210 8.46704101563 -185.728912354 4 193 14.7074890137 -206.983062744 5 286 88.0621948242 -166.668579102 6 144 -7.41070556641 -219.820922852 7 171 -136.884902954 -63.5819091797 8 142 -137.854980469 -41.4855957031 9 106 -31.4956359863 -210.969268799 13 109 150.391113281 -45.971862793 14 195 78.1065979004 -75.7374572754 15 195 58.8070678711 -101.619750977 16 173 39.4153442383 -128.400146484 17 209 -33.8399353027 -116.427520752 18 213 -67.7132568359 -81.0386047363 19 244 -37.9608459473 -37.4040222168 39 223 -75.3258666992 -65.9349060059 40 186 -13.1983947754 -59.8066711426 44 457 91.0254516602 23.0332794189 43 644 125.168243408 4.27940368652 45 553 103.885864258 29.6541442871 46 329 76.8316955566 34.7590789795 48 261 46.6186828613 41.3878936768
-0.131494509038 0.384735965045 0.544265418732
142 106 95
11 0 175 -33.5614318848 33.4154052734 1 149 -51.8143005371 41.9525604248 4 141 -58.7757263184 39.112487793 3 186 -34.7250061035 43.0933685303 22 114 127.419921875 -13.9188232422 23 101 -14.4653015137 11.1427459717 24 95 115.16204834 -29.656829834 26 96 -56.5207214355 -146.487915039 8 179 132.230072021 8.37536621094 28 97 15.185546875 -62.3591308594 30 113 86.334197998 -19.5846557617
0.0822745377853 0.362568607862 0.493470909245
54 57 62
11 0 178 96.2249755859 62.8716125488 1 435 50.6536254883 65.0327606201 2 202 76.6807861328 71.2273864746 4 295 58.5407409668 70.3659820557 9 170 95.7579345703 88.0103149414 8 149 230.350280762 -102.401824951 24 166 63.3735656738 -163.311676025 26 331 -160.730194092 -77.8105163574 28 194 -16.0052490234 -206.36416626 34 464 -120.47833252 -14.7649688721 51 131 168.662841797 97.4385528564
-0.201404237792 0.436232034918 0.260399705372
78 75 116
5 0 179 -17.7068786621 -147.82989502 1 249 -2.10018920898 -150.923278809 2 212 -18.6423339844 -133.133178711 6 196 -17.7905578613 -163.007415771 8 235 -69.1285705566 -21.9173583984
-0.227281599831 0.443071992678 0.252965458402
76 77 113
10 0 187 -29.8455810547 -156.722930908 1 244 -11.8776550293 -166.534088135 2 204 -30.3110656738 -143.264587402 4 164 -11.9161071777 -166.197143555 5 292 64.2508239746 -115.821472168 7 255 -100.537445068 -28.9927062988 8 222 -88.294708252 -12.4306793213 11 263 25.5941467285 -82.7176208496 17 185 -24.775604248 -78.081451416 44 455 59.1522521973 8.54228210449
-0.287250372401 0.465722184334 0.216814597741
67 120 171
22 0 199 -55.8090515137 -194.795593262 1 181 -34.6217346191 -215.191497803 2 225 -54.2362060547 -182.114654541 4 157 -35.1405334473 -215.581848145 5 273 40.0134277344 -164.160369873 6 222 -48.0739746094 -208.940216064 7 242 -149.150436401 -23.8632202148 8 242 -137.261001587 -0.315292358398 9 241 -63.3595581055 -194.373352051 10 261 -5.68008422852 -118.016387939 11 253 2.83020019531 -119.011352539 13 131 158.973419189 -90.0449523926 15 165 7.26110839844 -102.116607666 16 159 -10.3648986816 -123.763946533 17 229 -71.3141021729 -94.1889953613 18 252 -95.3659362793 -57.0292663574 19 268 -69.0247497559 -18.5507202148 39 176 -130.854095459 -58.0252075195 40 120 -75.61378479 -54.7640991211 44 403 103.656738281 -4.33786010742 45 444 117.154174805 10.1351470947 43 410 149.965240479 -17.7534179688
-0.109026114805 0.493501944949 0.184867206208
182 164 159
15 0 203 58.611114502 -177.677398682 1 308 33.5317077637 -165.635162354 2 234 53.2741394043 -156.315368652 3 274 61.9022216797 -157.315246582 4 250 49.6628112793 -165.861083984 5 562 111.253814697 -138.901489258 6 210 61.9563293457 -197.303619385 14 226 118.462677002 -68.7291564941 12 270 118.391601563 -90.2176513672 15 218 113.219665527 -104.614044189 16 219 102.629760742 -136.255889893 17 187 33.8500366211 -150.327819824 18 184 -7.23345947266 -119.86706543 20 176 -1.65139770508 -133.911895752 39 183 8.76196289063 -91.4262390137
-0.095813626307 0.490510324267 0.177242380058
131 85 93
19 0 205 67.8259887695 -179.607849121 1 360 41.8956298828 -165.092498779 2 260 62.498260498 -157.01083374 3 285 70.8874816895 -158.059143066 4 280 58.7039489746 -165.412353516 5 524 119.818389893 -141.817443848 6 192 70.8531188965 -201.099822998 7 194 -82.1588287354 -136.067962646 8 163 -98.6326141357 -133.564544678 9 161 48.3688049316 -205.181213379 11 435 75.8000793457 -132.503387451 13 310 129.688140869 -33.3440246582 14 287 125.779083252 -65.0743408203 15 230 121.599761963 -103.651519775 16 233 111.276489258 -135.799926758 17 203 43.0623779297 -154.300872803 18 229 -0.0541687011719 -126.116912842 19 169 33.3069152832 -81.211151123 20 175 -0.0619201660156 -141.9765625
-0.0958281582028 0.486993958789 0.191504194089
131 81 92
13 0 206 64.8907470703 -170.568939209 1 380 38.1674804688 -158.74041748 3 286 67.6253967285 -150.081329346 4 312 54.7962341309 -157.905792236 6 202 67.4526062012 -190.626373291 7 216 -74.7825469971 -129.288909912 8 180 -87.3339538574 -127.31427002 9 177 46.3606567383 -192.67401123 10 443 67.0163574219 -121.241821289 11 453 72.5183105469 -122.221801758 12 351 119.902130127 -78.7138061523 14 267 118.280181885 -58.4209899902 18 196 2.07537841797 -120.741210938
-0.0639733601139 0.183549732818 0.255271791813
109 111 107
3 7 616 43.9961853027 39.2532806396 9 261 -111.497650146 -54.7626342773 8 314 71.8239746094 79.0258636475
-0.20817584576 0.448067707945 0.220264741147
223 137 96
12 0 212 -12.5090026855 -173.968688965 1 264 4.7414855957 -178.566253662 2 250 -12.0343017578 -157.949127197 3 263 4.60369873047 -158.719940186 4 226 8.03344726563 -179.183319092 5 393 83.1980895996 -133.593353271 6 228 -12.7616882324 -190.634765625 7 240 -109.030670166 -48.9548950195 8 213 -102.803482056 -31.1602172852 9 227 -33.6232299805 -178.959442139 10 403 35.4782104492 -101.440063477 13 235 120.277313232 -61.1856689453
-0.208215116571 0.448104923274 0.220324738918
223 137 96
12 0 213 -12.5090026855 -173.968688965 1 265 4.7414855957 -178.566253662 2 251 -12.0343017578 -157.949127197 3 264 4.60369873047 -158.719940186 4 227 8.03344726563 -179.183319092 7 239 -109.030670166 -48.9548950195 5 392 83.1980895996 -133.593353271 8 212 -102.803482056 -31.1602172852 9 228 -33.6232299805 -178.959442139 13 236 120.277313232 -61.1856689453 17 269 -20.0184326172 -96.364440918 18 264 -49.8940429688 -64.2370300293
-0.332052224369 0.441540667421 0.33829093325
51 149 220
12 0 215 -105.248352051 -129.945404053 1 128 -94.452041626 -157.125976563 2 222 -108.425643921 -123.616455078 3 159 -97.5466003418 -122.690124512 4 124 -102.907714844 -157.590057373 10 266 -57.7496643066 -32.5021362305 11 281 -46.7658996582 -35.1560974121 12 283 -35.5994567871 -33.5292053223 14 318 -46.7702026367 -61.0164489746 15 342 -49.7227783203 -60.4398498535 16 402 -52.1772766113 -79.1416320801 17 447 -71.6241149902 -38.2017822266
-0.105649770852 0.486015040495 0.204155620972
188 166 164
19 0 216 55.8944702148 -164.879089355 1 331 31.9091491699 -154.174499512 2 271 50.1311340332 -144.285949707 3 328 59.306427002 -145.22164917 4 284 46.9981994629 -153.890075684 5 503 109.587158203 -126.944152832 6 197 59.4189453125 -184.613433838 7 212 -72.1968231201 -119.262329102 8 170 -81.4584655762 -117.948242188 9 164 40.6494140625 -185.441986084 10 456 60.7071838379 -115.929046631 11 473 66.5660705566 -117.05480957 12 374 110.697753906 -76.8435058594 14 349 108.471557617 -60.3987731934 15 365 106.483398438 -94.7018127441 16 327 98.2325439453 -125.579437256 17 248 39.1102294922 -139.126464844 18 230 0.741851806641 -110.95425415 19 238 32.1567687988 -70.0885620117
-0.171569441078 0.401059135466 0.504634801676
90 46 44
19 0 224 -47.2528991699 1.59298706055 1 217 -62.5861206055 5.38652038574 2 244 -59.3219909668 7.6057434082 3 279 -46.7989196777 10.8469238281 4 224 -69.6631774902 2.80836486816 6 225 -39.2495117188 -10.934463501 9 197 -23.2344970703 10.719039917 20 151 94.0139465332 59.1258544922 22 171 95.1681213379 8.02587890625 23 110 -22.1963195801 51.7828216553 24 128 95.8699951172 7.78698730469 25 123 77.4718322754 -14.0073852539 26 118 -12.4612121582 -137.322265625 27 108 78.2581176758 -15.1014099121 28 135 -2.89962768555 -26.4285888672 29 86 -144.742645264 -162.375366211 45 154 -55.4299316406 -17.3562316895 44 257 -108.992172241 -42.2981262207 47 156 -33.9285583496 -42.5910339355
-0.171633769521 0.40138708933 0.504724139563
90 46 44
18 0 225 -47.2528991699 1.59298706055 1 218 -62.5861206055 5.38652038574 2 243 -59.3219909668 7.6057434082 3 278 -46.7989196777 10.8469238281 4 223 -69.6631774902 2.80836486816 6 224 -39.2495117188 -10.934463501 9 198 -23.2344970703 10.719039917 20 150 94.0139465332 59.1258544922 22 170 95.1681213379 8.02587890625 23 111 -22.1963195801 51.7828216553 24 127 95.8699951172 7.78698730469 25 124 77.4718322754 -14.0073852539 26 117 -12.4612121582 -137.322265625 27 109 78.2581176758 -15.1014099121 28 134 -2.89962768555 -26.4285888672 29 85 -144.742645264 -162.375366211 47 157 -33.9285583496 -42.5910339355 51 224 48.4990234375 -4.48405456543
-0.21840071859 0.366435754279 0.65456379992
182 180 175
10 0 250 -100.620910645 72.7783050537 1 188 -128.84664917 95.6958007813 2 454 -116.912811279 73.9786529541 4 217 -144.046310425 85.9229278564 3 234 -107.555648804 84.7678070068 5 325 -40.887878418 174.81930542 11 414 -57.8303527832 157.317459106 20 125 140.00302124 171.483062744 21 151 156.720367432 133.594451904 45 239 -126.786209106 -55.9715270996
-0.30217972132 0.445950212639 0.297949722448
82 167 233
5 0 275 -79.5263977051 -146.790130615 1 253 -63.9599609375 -170.133331299 16 509 -31.4399719238 -90.4457092285 39 597 -140.064605713 -28.8995666504 40 873 -95.7156219482 -31.7959289551
-0.241014071785 0.430690879753 0.308754873908
69 88 132
9 0 279 -49.9401855469 -125.87387085 1 311 -33.9575195313 -136.678131104 2 339 -52.0289611816 -114.908996582 3 370 -35.9563598633 -114.636688232 5 511 43.6439819336 -75.9024047852 8 394 -51.4249267578 8.18524169922 16 427 2.78189086914 -76.1477966309 44 630 33.6025695801 -6.03424072266 45 462 61.6796569824 10.0471954346
-0.240210540188 0.430712230404 0.309359627997
69 88 132
10 0 280 -49.9401855469 -125.87387085 1 312 -33.9575195313 -136.678131104 2 340 -52.0289611816 -114.908996582 5 512 43.6439819336 -75.9024047852 8 395 -51.4249267578 8.18524169922 10 464 0.0253601074219 -43.3977355957 12 391 21.9744567871 -27.1234436035 14 358 6.16116333008 -39.4699401855 15 371 7.68597412109 -52.138885498 16 428 2.78189086914 -76.1477966309
-0.0511339981339 0.381397396429 0.507261870824
102 55 51
17 0 283 16.6488647461 33.6461791992 1 341 -7.20010375977 39.2188110352 2 355 2.30502319336 41.1309051514 3 386 16.4408874512 40.9849853516 4 335 -7.65502929688 39.8539123535 7 349 102.344909668 -6.48135375977 20 157 152.284515381 5.26104736328 21 176 138.191711426 -42.7213745117 22 197 120.188201904 -80.9649047852 23 165 -63.3850402832 -29.1296691895 24 181 84.322845459 -77.2630310059 25 200 59.2826538086 -89.2283935547 26 219 -90.4332733154 -110.343505859 27 198 60.7614746094 -88.6640319824 28 217 -5.68252563477 -116.135772705 29 130 -179.279830933 -70.3677368164 30 221 71.2692871094 -99.7362060547
-0.249626418406 0.438505026147 0.286138356233
60 87 137
13 0 302 -50.0481872559 -141.895965576 1 332 -32.1945495605 -154.70892334 2 367 -51.2362365723 -130.801818848 3 356 -35.6358032227 -130.990570068 5 493 44.701965332 -96.3610839844 6 320 -45.3285522461 -156.121765137 7 409 -92.8277130127 -7.77955627441 8 410 -71.8239898682 5.38977050781 10 462 0.242309570313 -60.5092468262 11 486 8.88488769531 -62.1715087891 12 411 26.728515625 -40.825012207 13 264 91.5071105957 -106.484466553 14 388 12.4471435547 -50.2629699707
-0.24917984708 0.438509635952 0.286396717618
60 87 137
18 0 303 -50.0481872559 -141.895965576 1 333 -32.1945495605 -154.70892334 2 368 -51.2362365723 -130.801818848 4 281 -34.9984130859 -155.800231934 5 492 44.701965332 -96.3610839844 6 319 -45.3285522461 -156.121765137 7 408 -92.8277130127 -7.77955627441 8 411 -71.8239898682 5.38977050781 10 461 0.242309570313 -60.5092468262 11 485 8.88488769531 -62.1715087891 12 410 26.728515625 -40.825012207 13 265 91.5071105957 -106.484466553 14 387 12.4471435547 -50.2629699707 15 390 8.66796875 -63.4131469727 16 388 1.61749267578 -86.7905883789 18 484 -52.5226745605 -31.7211303711 44 632 46.9935913086 -4.64044189453 45 596 71.890045166 10.5743865967
-0.215821319082 0.437110519495 0.26690519552
132 92 154
10 0 305 -27.1118774414 -145.995300293 1 376 -10.4118041992 -153.204437256 2 384 -28.0426635742 -132.610168457 3 408 -11.3556518555 -132.65814209 5 543 67.7156066895 -100.873962402 6 300 -26.0316467285 -161.21887207 7 361 -87.0651245117 -26.7774963379 8 340 -71.5879364014 -13.6463623047 9 325 -40.3314819336 -146.084136963 13 323 91.9322509766 -84.5488891602
-0.23953298452 0.438228856682 0.277775434347
144 176 220
22 0 343 -42.7642822266 -143.718475342 1 472 -25.0321655273 -156.460296631 2 393 -43.8014221191 -131.558532715 3 413 -27.7856445313 -131.763427734 4 360 -26.8012084961 -156.552276611 5 741 52.3462219238 -100.10760498 6 485 -39.1414794922 -159.654937744 7 612 -93.2136383057 -14.5229034424 8 628 -74.4725646973 -0.892715454102 9 574 -50.5043334961 -143.322052002 10 760 7.47158813477 -65.1254882813 11 714 15.8013000488 -66.6039123535 13 458 93.4636230469 -98.406829834 15 490 16.1828308105 -63.078125 16 496 8.54010009766 -86.697479248 17 487 -29.3815307617 -67.3856201172 18 548 -50.6149902344 -36.7132568359 19 473 -23.7593688965 -1.82476806641 44 760 49.4243469238 0.221298217773 45 836 73.2523193359 13.9747161865 46 884 41.7686462402 19.6083984375 47 305 -62.0607299805 -224.762115479
-0.23429514793 0.433079953656 0.293238886614
63 86 136
4 0 356 -42.9707641602 -133.804870605 1 373 -26.2740783691 -144.301849365 2 447 -44.5759887695 -122.142456055 19 435 -17.8658447266 2.50633239746
-0.234034759785 0.433530711086 0.293398207631
63 86 136
19 0 357 -42.9707641602 -133.804870605 1 374 -26.2740783691 -144.301849365 2 448 -44.5759887695 -122.142456055 3 436 -28.3702392578 -122.023529053 4 330 -28.7284545898 -145.010772705 5 544 51.3491210938 -86.0448608398 6 323 -39.4672241211 -148.207763672 7 399 -82.1902008057 -10.3800811768 8 372 -60.3094177246 1.25598144531 9 389 -49.0168151855 -130.101165771 10 582 6.81167602539 -53.686706543 11 585 15.1726989746 -55.2610778809 12 562 31.2470092773 -33.7312927246 13 294 79.5853881836 -103.838195801 14 562 15.4906005859 -43.0806274414 15 581 15.5571289063 -57.3061523438 17 515 -24.3147277832 -61.333984375 18 447 -43.4959716797 -31.2489624023 19 436 -17.8658447266 2.50633239746
-0.232956661357 0.447232828998 0.240808858986
210 70 97
16 0 362 -31.1352844238 -166.45993042 1 404 -12.2664794922 -176.160858154 2 441 -30.9058837891 -152.373596191 3 439 -14.8957519531 -153.346405029 4 340 -11.7852172852 -177.001525879 5 579 65.3535461426 -125.759368896 6 342 -28.6524963379 -181.938201904 7 403 -109.728668213 -31.475402832 8 388 -97.5652313232 -14.3329162598 10 595 18.7511901855 -90.4204711914 11 591 26.6433105469 -91.5701904297 9 528 -45.2693786621 -169.956665039 13 342 115.938415527 -79.3226928711 17 435 -32.0493469238 -84.8392333984 18 444 -57.7169189453 -52.3022155762 44 685 66.6832885742 8.85432434082
-0.282850745893 0.441038781668 0.300741234748
240 253 252
