# Camera parameter file. 

# The format of each camera is as follows:
# Filename (of the undistorted image in visualize folder)
# Original filename
# Focal Length (of the undistorted image)
# 2-vec Principal Point (image center)
# 3-vec Translation T (as in P = K[R T])
# 3-vec Camera Position C (as in P = K[R -RC])
# 3-vec Axis Angle format of R
# 4-vec Quaternion format of R
# 3x3 Matrix format of R
# [Normalized radial distortion] = [radial distortion] * [focal length]^2
# 3-vec Lat/Lng/Alt from EXIF

# The nubmer of cameras in this reconstruction
53

00000000.jpg
C:\Users\Nanio\Desktop\Organizar\TCC parte 2\Fotos livros biblioteca\2016-03-14 16.15.03.jpg
615.785339355
320 240
0.150546399249 0.209517279999 0.446114916848
-0.0408017825809 -0.512870295974 0.0296525377842
1.11810522101 -0.15640337834 -0.357635800783
0.829747727377 0.526950441617 -0.0737111568192 -0.168549738986
0.932315794477 0.202023274898 -0.299958006297
-0.357391776596 0.387829042201 -0.849623937281
-0.0553113468851 0.899319788209 0.433780327674
0.0246997126598
0 0 0

00000001.jpg
C:\Users\Nanio\Desktop\Organizar\TCC parte 2\Fotos livros biblioteca\2016-03-14 16.15.16.jpg
623.815063477
320 240
0.521338704593 0.209933814373 0.766374857952
-0.777939371174 -0.287063402584 0.464330097632
1.23947980065 -0.996478254238 0.195978784086
0.695845095702 0.555531646383 -0.446618980699 0.0878371850212
0.585631362735 -0.618464148752 -0.523962230069
-0.373979851083 0.367338511343 -0.851588177478
0.719148279397 0.694667709092 -0.0161682852308
-0.00182745575331
0 0 0

00000002.jpg
C:\Users\Nanio\Desktop\Organizar\TCC parte 2\Fotos livros biblioteca\2016-03-14 16.15.07.jpg
616.372131348
320 240
0.216893941178 0.183610402914 0.517680164665
-0.163389235595 -0.566222108646 0.0380121671304
1.13710669392 -0.307884125197 -0.321473751217
0.819325324376 0.533881059265 -0.144554159931 -0.150934602481
0.912646054998 0.0929797560268 -0.3980358792
-0.401678412524 0.384379732296 -0.831208308678
0.0757116567012 0.918480779565 0.388150161363
0.0134116203387
0 0 0

00000003.jpg
C:\Users\Nanio\Desktop\Organizar\TCC parte 2\Fotos livros biblioteca\2016-03-14 16.15.10.jpg
634.869018555
320 240
0.354438068703 0.183899806009 0.603983641147
-0.431884219128 -0.567509805546 0.125101534287
1.1580333786 -0.493212136506 -0.136494391348
0.80623622534 0.541112410725 -0.230462448766 -0.0637795166509
0.885638470977 -0.146569733017 -0.440638480038
-0.352255160051 0.406259501785 -0.843131145304
0.302590219064 0.901926564726 0.308169431442
0.033695684749
0 0 0

00000004.jpg
C:\Users\Nanio\Desktop\Organizar\TCC parte 2\Fotos livros biblioteca\2016-03-14 16.15.13.jpg
620.395568848
320 240
0.479682293219 0.179699814107 0.650856262454
-0.642823973023 -0.381317869053 0.356897187555
1.20404623287 -0.854894330516 0.0238830156099
0.739523109516 0.548783146795 -0.389645835906 0.0108854594645
0.696115023253 -0.443762510064 -0.5643570474
-0.411562314737 0.397436701969 -0.820158382696
0.588251353318 0.803192893975 0.0940259928084
0.0161363230352
0 0 0

00000005.jpg
C:\Users\Nanio\Desktop\Organizar\TCC parte 2\Fotos livros biblioteca\2016-03-14 16.15.19.jpg
637.586975098
320 240
0.618331308803 0.113051098278 0.665374258539
-0.866115244657 -0.109597527149 0.275083236992
1.08617115258 -0.881085068283 0.28940987377
0.755673617946 0.49808975104 -0.404042623729 0.132715817054
0.638271276864 -0.603078716542 -0.47843977384
-0.201919350014 0.468586696707 -0.860032711879
0.74285763127 0.645540425042 0.177312493869
0.00183757898979
0 0 0

00000006.jpg
C:\Users\Nanio\Desktop\Organizar\TCC parte 2\Fotos livros biblioteca\2016-03-14 16.15.00.jpg
640.594604492
320 240
-0.0338621180493 0.235037551175 0.434721306483
0.282841447429 -0.405890708591 -0.0250074121618
1.05752853808 0.118971196777 -0.593038710757
0.820139433937 0.496665631989 0.0558745249021 -0.278519146732
0.838610970449 0.51235095601 -0.185011943242
-0.401347185355 0.351501211411 -0.845794970153
-0.368311548141 0.783545310949 0.500402582531
0.0223710316451
0 0 0

00000007.jpg
C:\Users\Nanio\Desktop\Organizar\TCC parte 2\Fotos livros biblioteca\2016-03-14 16.15.46.jpg
632.345825195
320 240
-0.01201407401 -0.037419122277 0.376278002394
0.156551834322 -0.222282294055 -0.263081449132
0.606973718714 0.567323742444 0.526553665074
0.881476777467 0.291399264069 0.272363886508 0.252790764682
0.723830301347 -0.286925485614 0.627491383804
0.604391268886 0.702366443747 -0.376021134117
-0.332838380106 0.651425602875 0.68180849176
0.0120443216734
0 0 0

00000008.jpg
C:\Users\Nanio\Desktop\Organizar\TCC parte 2\Fotos livros biblioteca\2016-03-14 16.15.49.jpg
625.65447998
320 240
-0.0428969596969 -0.122000875299 0.253088511608
0.235214836662 -0.0735422300581 -0.141575919352
0.470107146098 0.80094802985 0.593742609955
0.851924972323 0.223332957436 0.380504941786 0.282068235163
0.551307850425 -0.310643681669 0.774314275315
0.650560212069 0.74111994452 -0.165869131181
-0.522332372686 0.595182563151 0.610676838928
0.0235896023425
0 0 0

00000009.jpg
C:\Users\Nanio\Desktop\Organizar\TCC parte 2\Fotos livros biblioteca\2016-03-14 16.14.48.jpg
624.389953613
320 240
-0.203910450294 0.166882052657 0.365009578913
0.419191496439 -0.154780557277 -0.0546117966577
0.918483886928 0.400500646524 -0.652643020238
0.826517475595 0.432364578346 0.188530572638 -0.307223380042
0.740140564457 0.670878748261 0.0459826288092
-0.344823221802 0.437349890823 -0.83055625891
-0.577312623068 0.598871260415 0.555034094577
0.0199723408593
0 0 0

00000010.jpg
C:\Users\Nanio\Desktop\Organizar\TCC parte 2\Fotos livros biblioteca\2016-03-14 16.15.21.jpg
627.669921875
320 240
0.568997049205 0.0547275499057 0.761827914613
-0.951537988181 -0.0220898118934 0.0349335662064
0.853627011492 -0.855815660323 0.444900873678
0.799690078459 0.397915263728 -0.398935494772 0.207388995544
0.595681534282 -0.649178745411 -0.473002863534
0.0142089430614 0.59730701963 -0.801887815838
0.803096164922 0.470947738044 0.365028332429
-0.00486224190338
0 0 0

00000011.jpg
C:\Users\Nanio\Desktop\Organizar\TCC parte 2\Fotos livros biblioteca\2016-03-14 16.15.23.jpg
621.806518555
320 240
0.582066365944 0.0651598507601 0.768153821741
-0.964648927303 -0.0177806787096 0.0473601055024
0.862018223841 -0.856135525318 0.454139639604
0.796981635473 0.401426392396 -0.398686925433 0.211484667178
0.592646618109 -0.657186298232 -0.46570124164
0.017011285467 0.588261807255 -0.808491406092
0.805283389853 0.471226444842 0.359810483758
-0.000892563354656
0 0 0

00000012.jpg
C:\Users\Nanio\Desktop\Organizar\TCC parte 2\Fotos livros biblioteca\2016-03-14 16.15.26.jpg
617.114257813
320 240
0.527727684398 -0.205316814484 0.75916020468
-0.93231605327 0 -0.166621151806
0.549325685726 -0.821220917816 0.0905262123392
0.879457905264 0.263535366455 -0.393975306709 0.0434293519537
0.685794244326 -0.284041695794 -0.670078784219
-0.131264548209 0.857325637572 -0.4977565457
0.715860007637 0.429316499682 0.550664946626
-0.00786525346354
0 0 0

00000013.jpg
C:\Users\Nanio\Desktop\Organizar\TCC parte 2\Fotos livros biblioteca\2016-03-14 16.16.57.jpg
643.33013916
320 240
-0.0559717313043 -0.417477001036 0.875887115521
-0.9387698318 0.041769276754 0.248122542688
-0.411979050003 -1.56472310531 -0.887618484914
0.603621020854 -0.177976220739 -0.675965209358 -0.38345392418
-0.207932020317 0.703533470653 -0.679562037571
-0.222309926002 0.642574964013 0.733263716059
0.952545201366 0.303542963858 0.0227904035717
0.00770156432105
0 0 0

00000014.jpg
C:\Users\Nanio\Desktop\Organizar\TCC parte 2\Fotos livros biblioteca\2016-03-14 16.15.29.jpg
633.84161377
320 240
0.369549510228 -0.346151347371 0.825975402183
-0.897193560328 0.0175285879732 -0.365182591846
0.306452129614 -0.770845154217 -0.198831077289
0.910414387332 0.148622521129 -0.373842891431 -0.0964286853637
0.701886005409 0.0644574497603 -0.709366359775
-0.286702800266 0.937224990618 -0.198517706386
0.652041428068 0.342714619685 0.676306430615
-0.0434541619567
0 0 0

00000015.jpg
C:\Users\Nanio\Desktop\Organizar\TCC parte 2\Fotos livros biblioteca\2016-03-14 16.15.32.jpg
631.899841309
320 240
0.383050634216 -0.254362989767 0.759954589942
-0.712199513147 0.00412926545778 -0.53076723885
0.336462125541 -0.485599169263 -0.0469796119199
0.956417774273 0.165779925818 -0.23926197972 -0.0231475580394
0.884436123475 -0.0350518514922 -0.465343492692
-0.123606795252 0.943962351086 -0.306033242725
0.449994147754 0.328186227954 0.830541361223
-0.00591086717583
0 0 0

00000016.jpg
C:\Users\Nanio\Desktop\Organizar\TCC parte 2\Fotos livros biblioteca\2016-03-14 16.15.35.jpg
638.841552734
320 240
0.329089923264 -0.203383335786 0.733851840482
-0.525636594619 -0.0264574388117 -0.641256469024
0.314396198404 -0.278540864388 -0.0240449402063
0.977955436974 0.156041271487 -0.138245534967 -0.0119339962177
0.961491812756 -0.0198022144874 -0.274120342734
-0.066485880431 0.951017286445 -0.301903240002
0.266671547501 0.308502399368 0.913078247628
-0.0099256007759
0 0 0

00000017.jpg
C:\Users\Nanio\Desktop\Organizar\TCC parte 2\Fotos livros biblioteca\2016-03-14 16.15.39.jpg
620.414306641
320 240
0.20968664748 -0.124082528341 0.54097452353
-0.118158636531 -0.0702809157011 -0.577163649303
0.404244408409 0.150131662411 0.216076444723
0.971060262084 0.200168628423 0.0743402959263 0.106993998371
0.966051641084 -0.178034393583 0.18721158737
0.237556086814 0.896968984594 -0.372843358225
-0.101544041612 0.404659844885 0.908811504713
-0.0330456623923
0 0 0

00000018.jpg
C:\Users\Nanio\Desktop\Organizar\TCC parte 2\Fotos livros biblioteca\2016-03-14 16.15.41.jpg
626.74810791
320 240
0.108367129936 -0.130930461311 0.551012801675
0.083644589966 -0.127902541644 -0.556008825963
0.458166203938 0.334619743092 0.272735458165
0.950873720156 0.225319336599 0.164561021477 0.13412724896
0.909858893378 -0.180918272156 0.373396610167
0.329234032616 0.862482668851 -0.384356382741
-0.252510392572 0.472644560519 0.844301764506
-0.0429329508932
0 0 0

00000019.jpg
C:\Users\Nanio\Desktop\Organizar\TCC parte 2\Fotos livros biblioteca\2016-03-14 16.15.56.jpg
626.080688477
320 240
0.183274640974 -0.252846185157 0.567455853213
0.0492119348746 0.0799817227344 -0.640865170987
0.310360799261 0.300588708386 0.275083285655
0.96738534765 0.153489651089 0.148656840945 0.136043075144
0.91878730582 -0.217577431783 0.329379304362
0.308846878391 0.915866403704 -0.256519884947
-0.245854494672 0.33741467297 0.908683933869
-0.0595467347865
0 0 0

00000020.jpg
C:\Users\Nanio\Desktop\Organizar\TCC parte 2\Fotos livros biblioteca\2016-03-14 16.13.36.jpg
628.648376465
320 240
-0.291350062498 0.327490532671 0.550114897121
0.20576851193 -0.394285160938 0.544940359152
1.46075688458 1.03071004959 0.177032143454
0.622968611779 0.63604463779 0.448793092866 0.0770835631505
0.585285561331 0.474864093078 0.657225296011
0.666946654385 0.179010597044 -0.723282694328
-0.461110744143 0.861660685807 -0.211936593328
0.042247590712
0 0 0

00000021.jpg
C:\Users\Nanio\Desktop\Organizar\TCC parte 2\Fotos livros biblioteca\2016-03-14 16.13.39.jpg
655.454345703
320 240
-0.357346813471 0.35626361869 0.64919890822
0.0959911680698 -0.431641128122 0.693217899742
1.55950983591 1.15204869964 0.368310866413
0.551379130064 0.659229378726 0.486989136611 0.155690806209
0.477203802117 0.470385787386 0.742302406228
0.813764432531 0.082355116404 -0.5753313091
-0.331760179751 0.878609976317 -0.343483138242
0.0225536968536
0 0 0

00000022.jpg
C:\Users\Nanio\Desktop\Organizar\TCC parte 2\Fotos livros biblioteca\2016-03-14 16.13.42.jpg
662.523132324
320 240
-0.429079191004 0.337646962485 0.794339058999
-0.143962472062 -0.448941391031 0.840722746997
1.71772792729 1.31547525102 0.691555860801
0.421492556817 0.685780818355 0.525186602511 0.276094797449
0.295901783783 0.487581869392 0.821404712122
0.953069477795 -0.0930458796162 -0.288100770324
-0.0640442634722 0.868105271855 -0.492232002357
0.0135547671527
0 0 0

00000023.jpg
C:\Users\Nanio\Desktop\Organizar\TCC parte 2\Fotos livros biblioteca\2016-03-14 16.14.02.jpg
653.453735352
320 240
-0.662281344692 -0.125332613865 0.665894248878
-0.313310998671 -0.413317200345 0.792934506763
1.3050424047 1.73198037919 1.51225658371
0.246322574762 0.47840970959 0.634919008944 0.554371436845
-0.420897583888 0.334395018851 0.843223128321
0.880611817643 -0.0724067581032 0.468274517227
0.217643588127 0.939646963056 -0.263996414659
-0.00513764690584
0 0 0

00000024.jpg
C:\Users\Nanio\Desktop\Organizar\TCC parte 2\Fotos livros biblioteca\2016-03-14 16.13.46.jpg
641.752807617
320 240
-0.513887521804 0.153209965219 0.849535571722
-0.43412077587 -0.39387188826 0.815885836291
1.77665606318 1.54161288046 1.23409594072
0.240257232646 0.649247590237 0.563355208959 0.450978572747
-0.0415057689695 0.514814179166 0.856296073483
0.94821763465 -0.249812764123 0.196150953716
0.314895419479 0.820096671046 -0.477787315553
0.0218311613957
0 0 0

00000025.jpg
C:\Users\Nanio\Desktop\Organizar\TCC parte 2\Fotos livros biblioteca\2016-03-14 16.13.49.jpg
638.70690918
320 240
-0.54686235997 0.11640948949 0.960698856438
-0.5656974529 -0.341820490202 0.893699645279
1.86883234379 1.66234676844 1.32328578895
0.15532407827 0.652423707262 0.580338008934 0.461969220013
-0.10042443976 0.613750349248 0.783087426663
0.900770122398 -0.27816039694 0.33352698833
0.422525561373 0.738875432217 -0.524912886139
-0.0044477416983
0 0 0

00000026.jpg
C:\Users\Nanio\Desktop\Organizar\TCC parte 2\Fotos livros biblioteca\2016-03-14 16.16.45.jpg
625.988891602
320 240
-0.0418189645114 -0.470537422056 0.962320817539
-0.573170161783 -0.221609016741 0.878396976994
-0.113910678673 -2.42407639741 -0.94955951202
0.264649002432 -0.0421538170991 -0.897054378753 -0.351394254346
-0.856367815909 0.261621754477 -0.445183425664
-0.110362801015 0.749490104634 0.652751019989
0.504434760193 0.608127157413 -0.612965910772
0.0491048495024
0 0 0

00000027.jpg
C:\Users\Nanio\Desktop\Organizar\TCC parte 2\Fotos livros biblioteca\2016-03-14 16.13.52.jpg
636.696228027
320 240
-0.535410467275 0.0964448905334 1.05418838727
-0.60954843875 -0.267381904211 0.981956795086
1.99716255827 1.74924596042 1.26989128533
0.0991270849725 0.675269368208 0.591445202917 0.429368497015
-0.0683490698292 0.71366204268 0.697147489412
0.883910232633 -0.28072071614 0.374030277063
0.462634533868 0.641780213229 -0.61162549813
-0.00887537759802
0 0 0

00000028.jpg
C:\Users\Nanio\Desktop\Organizar\TCC parte 2\Fotos livros biblioteca\2016-03-14 16.13.56.jpg
633.519897461
320 240
-0.636484588857 0.247686506031 0.873114723361
-0.406065902596 -0.243965687609 1.00218903603
1.86728930523 1.54788365932 1.03502385324
0.249607259081 0.685686223007 0.568397460983 0.380070508978
0.0649400118966 0.58974889473 0.804970897725
0.969222326745 -0.229240077343 0.0897584353497
0.237466368506 0.774367470207 -0.58648479941
-0.00566941744276
0 0 0

00000029.jpg
C:\Users\Nanio\Desktop\Organizar\TCC parte 2\Fotos livros biblioteca\2016-03-14 16.16.49.jpg
639.811828613
320 240
0.283509384527 -0.314022356548 0.773206681759
-0.527626122073 -0.237818040466 0.664747481757
0.687279345097 -2.01147648855 -0.655262259877
0.442710104544 0.277050745706 -0.810850879047 -0.264144265395
-0.454501553497 -0.215414131135 -0.864306611154
-0.683171472527 0.706941435671 0.183056983415
0.571580898578 0.673669641798 -0.468470935511
0.0136583712966
0 0 0

00000030.jpg
C:\Users\Nanio\Desktop\Organizar\TCC parte 2\Fotos livros biblioteca\2016-03-14 16.14.09.jpg
633.415588379
320 240
-0.530994884529 0.277309471787 0.77048153354
-0.136777934242 -0.153253144243 0.954098276115
1.85542946621 1.57396322318 0.6052166471
0.311883187257 0.703115311871 0.596453631189 0.22934695138
0.183285906084 0.695693356358 0.694563194399
0.981811189093 -0.0939441571339 -0.16498992497
-0.0495322437847 0.712169452931 -0.700257258977
0.0200894261949
0 0 0

00000031.jpg
C:\Users\Nanio\Desktop\Organizar\TCC parte 2\Fotos livros biblioteca\2016-03-14 16.14.21.jpg
634.722595215
320 240
-0.456033446742 0.374983762433 0.739998306417
0.150400346681 -0.199980864792 0.912997491783
1.75973428979 1.33876187994 0.183633245934
0.445239330064 0.710181496142 0.540288338069 0.0741094460084
0.40519242801 0.701412949414 0.586377879584
0.833398709782 -0.0197007255444 -0.552320230864
-0.375852591149 0.7124827034 -0.592539458324
0.00294594128763
0 0 0

00000032.jpg
C:\Users\Nanio\Desktop\Organizar\TCC parte 2\Fotos livros biblioteca\2016-03-14 16.14.19.jpg
627.999267578
320 240
-0.565524069877 0.37491112251 0.6975132108
0.178547375295 -0.144001669655 0.945666369456
1.73048845955 1.30564495633 0.224061579747
0.462779599578 0.703898701686 0.531088077793 0.0911399635235
0.419277750866 0.663309519019 0.619860053302
0.832020382319 -0.00756057479275 -0.554693420748
-0.363246858625 0.748306416493 -0.55505734493
0.0259544650881
0 0 0

00000033.jpg
C:\Users\Nanio\Desktop\Organizar\TCC parte 2\Fotos livros biblioteca\2016-03-14 16.14.13.jpg
629.77130127
320 240
-0.592484481816 0.166153705749 0.894595829407
-0.257691739384 -0.034040372813 1.05422182571
2.05718320806 1.70389235356 0.781940133201
0.178197534758 0.727291033987 0.602389532817 0.276445017519
0.121410940273 0.777699502717 0.616800224912
0.974746785189 -0.210746458698 0.0738521996643
0.187422906065 0.592258076896 -0.783647036
0.0109720161493
0 0 0

00000034.jpg
C:\Users\Nanio\Desktop\Organizar\TCC parte 2\Fotos livros biblioteca\2016-03-14 16.16.42.jpg
625.33380127
320 240
0.0647112495615 -0.511543668073 1.04616989008
-0.387906039759 -0.0140006181743 1.09984915579
0.0133757498534 -2.66137629594 -0.649736790363
0.199656123737 0.00478410887567 -0.951895340331 -0.232391572786
-0.920229048578 0.0836883967951 -0.38232694362
-0.101905205651 0.891942490207 0.440516562662
0.377879991795 0.444337269197 -0.812263170646
-0.00183961603818
0 0 0

00000035.jpg
C:\Users\Nanio\Desktop\Organizar\TCC parte 2\Fotos livros biblioteca\2016-03-14 16.14.24.jpg
640.143432617
320 240
-0.461811398994 0.286141862922 0.573769589887
0.323622204331 -0.147530950752 0.705593338224
1.52398954148 1.27016152531 0.0269990842769
0.546981929194 0.643017084572 0.535919400175 0.0113917267707
0.425320802883 0.6767490959 0.600926281168
0.701673370643 0.172798255964 -0.691227975716
-0.571626628433 0.715646925978 -0.40136213539
0.00162182297169
0 0 0

00000036.jpg
C:\Users\Nanio\Desktop\Organizar\TCC parte 2\Fotos livros biblioteca\2016-03-14 16.14.30.jpg
636.191772461
320 240
-0.435247218226 0.398898127903 0.528872783946
0.359387129801 0 0.706475038962
1.48229337632 1.27474601396 -0.320594786084
0.548209569028 0.625749435438 0.5381334163 -0.135338934654
0.384191694159 0.8218614012 0.420642841686
0.525085005042 0.180242486039 -0.831744772794
-0.759396711232 0.540422540491 -0.362299253902
0.00573081039299
0 0 0

00000037.jpg
C:\Users\Nanio\Desktop\Organizar\TCC parte 2\Fotos livros biblioteca\2016-03-14 16.14.15.jpg
631.456542969
320 240
-0.638909508896 0.240177639356 0.822058371757
-0.0610622100773 -0.0385095563258 1.066048477
1.93159434004 1.58331991835 0.546979472153
0.288254651137 0.723410524299 0.592976624816 0.204851866942
0.212828548428 0.739832878973 0.638241075371
0.976030892734 -0.130575878443 -0.174107893865
-0.0454720051042 0.659997899378 -0.749889694376
0.0144664662268
0 0 0

00000038.jpg
C:\Users\Nanio\Desktop\Organizar\TCC parte 2\Fotos livros biblioteca\2016-03-14 16.14.36.jpg
640.672302246
320 240
-0.405633559851 0.323117995432 0.480869243388
0.435262226006 -0.0306489655549 0.556584853193
1.40354993675 1.13665175897 -0.360518161739
0.605138650527 0.60671480454 0.491342296924 -0.155841769719
0.468591992661 0.784821164381 0.405557430418
0.407597651487 0.215220293426 -0.88743625404
-0.783763427612 0.581150058256 -0.219041140639
0.0160520179842
0 0 0

00000039.jpg
C:\Users\Nanio\Desktop\Organizar\TCC parte 2\Fotos livros biblioteca\2016-03-14 16.15.59.jpg
633.475158691
320 240
0.184250973475 -0.329848460074 0.560365298242
-0.258496115971 0.24144858888 -0.57588207035
0.178543034845 -0.160648825544 0.0609266212027
0.992334970935 0.0890433110632 -0.0801190780547 0.0303854367015
0.985314916444 -0.07457328662 -0.153598670303
0.0460368391642 0.982295821337 -0.1815907625
0.164421181668 0.171852403483 0.971304040382
0.00653231081613
0 0 0

00000040.jpg
C:\Users\Nanio\Desktop\Organizar\TCC parte 2\Fotos livros biblioteca\2016-03-14 16.16.01.jpg
637.812133789
320 240
0.25853883605 -0.374234044219 0.591755677911
-0.398586287636 0.336726856251 -0.533678207789
0.0802390733406 -0.262455843435 0.0239899463501
0.990527767306 0.0399927826348 -0.130813319007 0.0119570761458
0.965489212551 -0.0341508542986 -0.258191982975
0.0132244094541 0.996515103196 -0.0823562100585
0.260104916264 0.0760996367077 0.96257671547
0.022924650435
0 0 0

00000041.jpg
C:\Users\Nanio\Desktop\Organizar\TCC parte 2\Fotos livros biblioteca\2016-03-14 16.16.04.jpg
622.825195313
320 240
0.33230413622 -0.439218295803 0.694207202681
-0.618812520068 0.41067905166 -0.483400415377
0.0303009718779 -0.462381557854 -0.021415239985
0.973223699964 0.0150150183472 -0.229123593875 -0.0106118781463
0.894779376715 0.0137748604231 -0.446295640865
-0.0275360648294 0.999324158673 -0.0243631076311
0.445658406254 0.0340887792123 0.894553945302
0.000142015789309
0 0 0

00000042.jpg
C:\Users\Nanio\Desktop\Organizar\TCC parte 2\Fotos livros biblioteca\2016-03-14 16.16.08.jpg
632.768066406
320 240
0.278065367832 -0.486459478505 0.918552767775
-0.926381384645 0.402929898906 -0.370362146958
-0.0116523079354 -0.845233528326 -0.142571520401
0.909537484237 -0.00564938813098 -0.409794547939 -0.0691229462555
0.654580860223 0.130370052855 -0.744666175721
-0.121109589706 0.990380229045 0.0669290765045
0.746227833025 0.046375755432 0.664072651659
0.0166338847079
0 0 0

00000043.jpg
C:\Users\Nanio\Desktop\Organizar\TCC parte 2\Fotos livros biblioteca\2016-03-14 16.16.35.jpg
627.385925293
320 240
0.0808632047365 -0.530548822871 1.09788716796
-0.781555518843 -0.108660323041 0.933135355059
-0.00872171892271 -2.26063257929 -0.714481768283
0.375894609677 -0.00340891475955 -0.883576257587 -0.27925773198
-0.717383144034 0.2159671112 -0.662359325109
-0.203918793449 0.844006816198 0.496053455957
0.666166884753 0.490927885225 -0.561436641826
0.0215852267432
0 0 0

00000044.jpg
C:\Users\Nanio\Desktop\Organizar\TCC parte 2\Fotos livros biblioteca\2016-03-14 16.16.54.jpg
632.799865723
320 240
0.0405680430854 -0.566820155737 1.00231309408
-0.948261225056 -0.047493225267 0.652768639184
0.00249831785274 -1.98872144264 -0.736779672612
0.48851604037 0.00102786820342 -0.818207953046 -0.303128922356
-0.522702006743 0.294484710233 -0.800038525612
-0.297848653251 0.816223664622 0.495040511903
0.798792312072 0.497049032322 -0.338929971084
0.00895156071521
0 0 0

00000045.jpg
C:\Users\Nanio\Desktop\Organizar\TCC parte 2\Fotos livros biblioteca\2016-03-14 16.16.30.jpg
630.885864258
320 240
0.0984430148723 -0.586642907775 1.2331905689
-1.06258227574 -0.0956567933424 0.85811917663
-0.00772760864693 -2.06139555757 -0.676102769922
0.467154774287 -0.0031494410545 -0.840136204511 -0.275550421605
-0.563512999925 0.262741470979 -0.783211647581
-0.252157309058 0.848124040271 0.465942094536
0.786682908372 0.460056988837 -0.411676707791
0.0143302892913
0 0 0

00000046.jpg
C:\Users\Nanio\Desktop\Organizar\TCC parte 2\Fotos livros biblioteca\2016-03-14 16.16.27.jpg
636.72064209
320 240
0.0521107733363 -0.596035547641 1.3260405409
-1.25317568255 -0.0427382011848 0.737618659965
-0.0775015007453 -1.94021222324 -0.645668846224
0.520681766048 -0.0323350263322 -0.80949159339 -0.269384707957
-0.455690123901 0.332877094743 -0.825553934836
-0.228177727198 0.852773099421 0.469802047743
0.860396114952 0.40245701328 -0.312644969541
-0.0158504646334
0 0 0

00000047.jpg
C:\Users\Nanio\Desktop\Organizar\TCC parte 2\Fotos livros biblioteca\2016-03-14 16.14.54.jpg
628.014587402
320 240
-0.144732523138 0.284299123706 0.238226444397
0.322078245215 -0.195581148952 0.128604027481
1.01511076379 0.331241274652 -0.570870211158
0.82227132569 0.47711410584 0.155687330102 -0.268315774064
0.807536083476 0.589817997252 -8.32667268469e-017
-0.292695471719 0.400737403032 -0.868181193595
-0.512068909265 0.701087799664 0.496247045699
0.00996064250045
0 0 0

00000048.jpg
C:\Users\Nanio\Desktop\Organizar\TCC parte 2\Fotos livros biblioteca\2016-03-14 16.16.23.jpg
641.417358398
320 240
0.0302558385166 -0.612986572616 1.40165074524
-1.39546998066 0.0523680816221 0.625471353098
-0.0760059550265 -1.85471966088 -0.564127105153
0.565256828021 -0.03231706425 -0.788610503291 -0.239861888401
-0.358880636502 0.322138285342 -0.876031739427
-0.220195995462 0.882843702765 0.41485007861
0.907038147111 0.341780313694 -0.245901939765
0.00159727512772
0 0 0

00000049.jpg
C:\Users\Nanio\Desktop\Organizar\TCC parte 2\Fotos livros biblioteca\2016-03-14 16.16.38.jpg
627.967346191
320 240
0.225479897591 -0.461517113982 1.16943140665
-0.628362892039 0 1.11201120561
-0.049110829836 -2.38135583515 -0.49040126526
0.347482451558 -0.0189366432901 -0.918226919554 -0.18909380803
-0.757794602239 0.166189854644 -0.630973772462
-0.096637265312 0.927769828399 0.360422485357
0.645297191911 0.334101880419 -0.686999009597
0.0122259281485
0 0 0

00000050.jpg
C:\Users\Nanio\Desktop\Organizar\TCC parte 2\Fotos livros biblioteca\2016-03-14 16.14.41.jpg
630.010192871
320 240
-0.339126529656 0.34703725952 0.394042678853
0.518279010229 0.0251134953175 0.348521842196
1.15190808764 0.897271991558 -0.727596764435
0.685367813552 0.514177263935 0.400515338484 -0.324777399863
0.468214245543 0.857055597258 0.215014507269
-0.0333123084819 0.260283059532 -0.964957617949
-0.882986780054 0.444644570696 0.150418854338
-0.0412464894719
0 0 0

00000051.jpg
C:\Users\Nanio\Desktop\Organizar\TCC parte 2\Fotos livros biblioteca\2016-03-14 16.14.52.jpg
626.105407715
320 240
-0.269036605775 0.209699367839 0.28119028161
0.433153951923 0.0355550326325 0.0808454453625
0.848427552165 0.657474696861 -0.830001830331
0.778566305818 0.392413640019 0.304094366522 -0.383891398424
0.520308092708 0.836431474252 0.172226781316
-0.359108157373 0.397277718272 -0.844518478889
-0.774803728936 0.377561673357 0.507076159238
0.0179357784823
0 0 0

00000052.jpg
C:\Users\Nanio\Desktop\Organizar\TCC parte 2\Fotos livros biblioteca\2016-03-14 16.16.14.jpg
634.487060547
320 240
0.146263052497 -0.530665384463 1.06887068023
-1.14931316392 0.352902444283 0.00471526197564
-0.0502710443201 -1.35154422859 -0.270755113056
0.771464228006 -0.0231898520309 -0.623462494128 -0.124898360344
0.191389577474 0.221625207377 -0.956165127508
-0.163793261192 0.96772514764 0.191519203437
0.967750919385 0.119958638259 0.221513495256
0.00964834643953
0 0 0

