# Camera parameter file. 

# The format of each camera is as follows:
# Filename (of the undistorted image in visualize folder)
# Original filename
# Focal Length (of the undistorted image)
# 2-vec Principal Point (image center)
# 3-vec Translation T (as in P = K[R T])
# 3-vec Camera Position C (as in P = K[R -RC])
# 3-vec Axis Angle format of R
# 4-vec Quaternion format of R
# 3x3 Matrix format of R
# [Normalized radial distortion] = [radial distortion] * [focal length]^2
# 3-vec Lat/Lng/Alt from EXIF

# The nubmer of cameras in this reconstruction
4

00000000.jpg
C:\Users\Nanio\Desktop\Organizar\TCC parte 2\BasePontos2\Resultados\Realcado\CimaRealce.ppm
1508.33911133
1000 750
0.0264376019613 -0.266153163637 -0.715248535432
-0.00363149645048 0.576774233705 0.500434923034
0.500268439518 -0.0369111265425 -0.000261624708431
0.968710814698 0.247519904959 -0.0182626722216 -0.000129445149544
0.999333634543 -0.00878995856489 -0.0354465745347
-0.00929153822998 0.87746795627 -0.479545842193
0.0353184178107 0.479554992953 0.876800979239
-0.0299007808223
0 0 0

00000001.jpg
C:\Users\Nanio\Desktop\Organizar\TCC parte 2\BasePontos2\Resultados\Realcado\FrenteRealce.ppm
1444.16430664
1000 750
-0.0321808722785 -1.6277084027 -0.501860451196
0.0321808698139 1.6277080781 0.501861072647
0 0 0
1.00000014678 0 0 0
1.00000036929 -1.00559627847e-008 1.38459897436e-008
-1.00559627847e-008 1.00000035974 -5.19327455706e-007
1.38459897436e-008 -5.19327455706e-007 1.00000044518
0.0480677235374
0 0 0

00000002.jpg
C:\Users\Nanio\Desktop\Organizar\TCC parte 2\BasePontos2\Resultados\Realcado\DireitaRealcado.ppm
1439.72924805
1000 750
-0.830490643197 -1.62052634688 -0.23587063418
0.538403058793 1.63784916945 0.63168550838
-0.000738466205742 0.561249176066 -0.0251085106515
0.960804876285 -0.000364396332816 0.276948545464 -0.0123898008233
0.846292239193 0.0236064434692 0.532196029026
-0.0240102807197 0.999693045414 -0.00616266895616
-0.532178022821 -0.00756312405004 0.846598756561
0.0459460735691
0 0 0

00000003.jpg
C:\Users\Nanio\Desktop\Organizar\TCC parte 2\BasePontos2\Resultados\Realcado\EsquerdaRealcado.ppm
1561.43945313
1000 750
0.956916690718 -1.6065189016 -0.288875323341
-0.637580617085 1.63100495995 0.716487967724
0.015635645386 -0.554275468854 0.0200627017461
0.961762741068 0.00771792230849 -0.273596317933 0.00990316482322
0.85009407877 -0.0232721091329 -0.52611666204
0.0148258706496 0.999684943256 -0.0202648364375
0.526422316685 0.00942640402152 0.850171258398
0.0587301893262
0 0 0

