# Camera parameter file. 

# The format of each camera is as follows:
# Filename (of the undistorted image in visualize folder)
# Original filename
# Focal Length (of the undistorted image)
# 2-vec Principal Point (image center)
# 3-vec Translation T (as in P = K[R T])
# 3-vec Camera Position C (as in P = K[R -RC])
# 3-vec Axis Angle format of R
# 4-vec Quaternion format of R
# 3x3 Matrix format of R
# [Normalized radial distortion] = [radial distortion] * [focal length]^2
# 3-vec Lat/Lng/Alt from EXIF

# The nubmer of cameras in this reconstruction
4

00000000.jpg
Y:\ND\UFS\Trabalho de Conclusao de Curso\Documentos\LateX\Figuras\Base1\ToneMap\toneMap (4).ppm
1777.35400391
1000 750
-0.683564949183 -0.141284942412 -2.63854839493
1.34914271701 0.201541927649 2.36397021309
0.0198575921985 -0.26521417024 -0.0100673961234
0.991158899157 0.00989951832066 -0.132216056758 -0.00501885482232
0.964987354552 0.00733120616132 -0.262193768014
-0.0125667243215 0.999754561978 -0.0182968526213
0.261994717053 0.0209511301023 0.964841936984
-0.0728964581209
0 0 0

00000001.jpg
Y:\ND\UFS\Trabalho de Conclusao de Curso\Documentos\LateX\Figuras\Base1\ToneMap\toneMap.ppm
1778.0604248
1000 750
-2.2996255686 -0.219991416702 -2.20872847722
2.29962539685 0.219991149608 2.20872690845
0 0 0
1.00000033306 0 0 0
1.00000023411 -2.05612164794e-008 -1.639350799e-007
-2.05612164794e-008 1.00000154821 -1.18694244433e-008
-1.639350799e-007 -1.18694244433e-008 1.00000088212
-0.0649143072533
0 0 0

00000002.jpg
Y:\ND\UFS\Trabalho de Conclusao de Curso\Documentos\LateX\Figuras\Base1\ToneMap\toneMap (2).ppm
1777.98693848
1000 750
-3.12494139832 -0.24870027544 -1.787123007
2.79351703134 0.21918846825 2.273572118
-0.00138957385673 0.163904974014 0.00899693925171
0.9966336821 -0.000694007128704 0.081860506978 0.00449342073251
0.986557483036 -0.00907022941948 0.163163663831
0.00884294838001 0.999959980075 0.00211897927094
-0.163176090122 -0.000647704249401 0.986597322077
-0.0593442870438
0 0 0

00000003.jpg
Y:\ND\UFS\Trabalho de Conclusao de Curso\Documentos\LateX\Figuras\Base1\ToneMap\toneMap (3).ppm
1790.36682129
1000 750
-2.31246786881 0.902656913348 -1.95249827496
2.28967379453 -0.306606156138 2.15358528328
0.292580439911 0.009884786732 0.00386476261093
0.989304792725 0.145768312402 0.00492476079679 0.00192548730805
0.99994431633 -0.00237401625063 0.0103054584838
0.0052455590381 0.957496645579 -0.288399614922
-0.00918289935333 0.288437545427 0.957454929726
-0.0751247429256
0 0 0

