# Camera parameter file. 

# The format of each camera is as follows:
# Filename (of the undistorted image in visualize folder)
# Original filename
# Focal Length (of the undistorted image)
# 2-vec Principal Point (image center)
# 3-vec Translation T (as in P = K[R T])
# 3-vec Camera Position C (as in P = K[R -RC])
# 3-vec Axis Angle format of R
# 4-vec Quaternion format of R
# 3x3 Matrix format of R
# [Normalized radial distortion] = [radial distortion] * [focal length]^2
# 3-vec Lat/Lng/Alt from EXIF

# The nubmer of cameras in this reconstruction
4

00000000.jpg
Y:\ND\UFS\Trabalho de Conclusao de Curso\Documentos\LateX\Figuras\Base2\Realcado\2.ppm
1560.53015137
1000 750
0.608076313706 0.255338534865 -2.64438972657
-1.13726605747 -0.0552073682404 2.47615208124
0.0562869305229 0.202028134174 0.0632774468442
0.994007526774 0.0280872264503 0.100812211666 0.0315755000708
0.977679606587 -0.057109502043 0.202189783264
0.0684356368851 0.996428279438 -0.0494714464004
-0.198642605482 0.0622042115909 0.978095967108
0.0698286348871
0 0 0

00000001.jpg
Y:\ND\UFS\Trabalho de Conclusao de Curso\Documentos\LateX\Figuras\Base2\Realcado\4.ppm
1555.56518555
1000 750
2.04047311785 -0.154860926354 -2.89142163401
-2.04047269198 0.154861015378 2.89142222486
0 0 0
0.999999900575 0 0 0
0.999999938457 -4.58634831224e-008 -1.88263435286e-007
-4.58634831224e-008 0.999999601107 -4.17906599326e-008
-1.88263435286e-007 -4.17906599326e-008 0.999999665035
0.0525606279243
0 0 0

00000002.jpg
Y:\ND\UFS\Trabalho de Conclusao de Curso\Documentos\LateX\Figuras\Base2\Realcado\1.ppm
1543.46472168
1000 750
2.35671893326 1.43537382567 -2.92102822441
-2.21070924451 -1.01470741932 3.19843179074
0.12410747462 -0.0547061356166 0.0176357759795
0.997662562594 0.0620053808626 -0.0273317524575 0.00881101649813
0.99835080803 -0.0209702864009 -0.0534431524791
0.0141913987935 0.992155350612 -0.124202546675
0.0556283123086 0.123239241989 0.990816196567
0.0248987456997
0 0 0

00000003.jpg
Y:\ND\UFS\Trabalho de Conclusao de Curso\Documentos\LateX\Figuras\Base2\Realcado\3.ppm
1535.42675781
1000 750
3.92237961354 -0.576915580357 -2.14846072736
-3.3118088747 0.272593995691 3.04817770929
-0.064805406992 -0.239820882558 -0.0371388526034
0.992123694785 -0.0323175875481 -0.119595458584 -0.018520647831
0.970707965643 0.0444795947948 -0.236109996626
-0.0290194994288 0.997225012693 0.0685560402727
0.238503956373 -0.0596961371863 0.969304724681
0.0580220251942
0 0 0

