# Camera parameter file. 

# The format of each camera is as follows:
# Filename (of the undistorted image in visualize folder)
# Original filename
# Focal Length (of the undistorted image)
# 2-vec Principal Point (image center)
# 3-vec Translation T (as in P = K[R T])
# 3-vec Camera Position C (as in P = K[R -RC])
# 3-vec Axis Angle format of R
# 4-vec Quaternion format of R
# 3x3 Matrix format of R
# [Normalized radial distortion] = [radial distortion] * [focal length]^2
# 3-vec Lat/Lng/Alt from EXIF

# The nubmer of cameras in this reconstruction
4

00000000.jpg
Y:\ND\UFS\Trabalho de Conclusao de Curso\Documentos\LateX\Figuras\Base2\ToneMap\toneMap (2).ppm
1495.81494141
1000 750
0.122345486179 0.153514604374 -1.28110996366
-0.381735431057 -0.070234376187 1.23657771536
0.0530931534066 0.199567119627 0.0639562853939
0.9941636213 0.026494911289 0.0995893592947 0.0319159062733
0.9781268378 -0.0581820172414 0.199707469352
0.0687365145896 0.996558862378 -0.0463236160601
-0.196325002965 0.059037491752 0.978759523484
0.0291106672372
0 0 0

00000001.jpg
Y:\ND\UFS\Trabalho de Conclusao de Curso\Documentos\LateX\Figuras\Base2\ToneMap\toneMap (3).ppm
1518.54394531
1000 750
1.64189315547 -0.193978543579 -1.06127958461
-1.35610811871 0.0595904331225 1.42027279494
-0.0608294469267 -0.233153068133 -0.0388556705382
0.992562783759 -0.0303392857207 -0.11628738889 -0.0193796483428
0.972203604756 0.0455271485471 -0.229669214029
-0.0314149222825 0.997406876017 0.0647344686244
0.232020923703 -0.0557201149444 0.971113038037
0.00484792007682
0 0 0

00000002.jpg
Y:\ND\UFS\Trabalho de Conclusao de Curso\Documentos\LateX\Figuras\Base2\ToneMap\toneMap (4).ppm
1494.24353027
1000 750
0.779329662726 -0.0144157636886 -1.41693474783
-0.779329274098 0.0144158047842 1.41693510272
0 0 0
0.99999993129 0 0 0
1.00000055542 -2.32926774812e-008 3.14503394994e-008
-2.32926774812e-008 0.999999127734 -3.29400051402e-008
3.14503394994e-008 -3.29400051402e-008 0.999999767168
0.0173859826751
0 0 0

00000003.jpg
Y:\ND\UFS\Trabalho de Conclusao de Curso\Documentos\LateX\Figuras\Base2\ToneMap\toneMap.ppm
1498.9822998
1000 750
0.9349521217 0.67632613935 -1.41165315202
-0.861527211937 -0.497720092525 1.52786208856
0.109974050938 -0.0573334034746 0.018632895986
0.998034557533 0.0549509961349 -0.0286479183576 0.00931034354535
0.998185660548 -0.02173255361 -0.0561600041056
0.015435624793 0.993786993142 -0.110219486197
0.0582064459835 0.109152486257 0.992319258427
0.0170360197898
0 0 0

