# Camera parameter file. 

# The format of each camera is as follows:
# Filename (of the undistorted image in visualize folder)
# Original filename
# Focal Length (of the undistorted image)
# 2-vec Principal Point (image center)
# 3-vec Translation T (as in P = K[R T])
# 3-vec Camera Position C (as in P = K[R -RC])
# 3-vec Axis Angle format of R
# 4-vec Quaternion format of R
# 3x3 Matrix format of R
# [Normalized radial distortion] = [radial distortion] * [focal length]^2
# 3-vec Lat/Lng/Alt from EXIF

# The nubmer of cameras in this reconstruction
9

00000000.jpg
C:\Users\Nanio\Desktop\Organizar\TCC parte 2\Fotos Kitty-livro\2016-03-15 08.18.06.jpg
647.905761719
320 240
-0.133948304355 -0.352576669549 0.00289567739975
0.0832255661175 -0.22718648242 -0.289345131613
2.03478253089 -0.394126172327 0.437389865594
0.489635035554 0.837569918347 -0.162232681361 0.180041153514
0.882531492581 -0.448071345962 0.142724473931
-0.095453519555 -0.467876240866 -0.878624374857
0.460463692756 0.761789932138 -0.455685379547
-0.0020363359877
0 0 0

00000001.jpg
C:\Users\Nanio\Desktop\Organizar\TCC parte 2\Fotos Kitty-livro\2016-03-15 08.18.28.jpg
647.997497559
320 240
0.679520444456 -0.12204097183 0.397001068181
-0.776319296065 0.122129629817 -0.129092105469
1.97512869612 -0.542264304154 0.713817019687
0.467338761467 0.805043460296 -0.221021715025 0.29094495193
0.733000724325 -0.627803782912 0.26186260117
-0.0839243689529 -0.46548771566 -0.881066326922
0.675030659397 0.623845727723 -0.393890936788
0.0279518756361
0 0 0

00000002.jpg
C:\Users\Nanio\Desktop\Organizar\TCC parte 2\Fotos Kitty-livro\2016-03-15 08.17.59.jpg
651.321960449
320 240
-0.304581633323 -1.65351556772 0.53234363424
0.0972866596222 -0.451842282616 -1.70195404961
1.42696436182 -0.369990775367 0.413095425089
0.721057757318 0.645818704454 -0.167451247979 0.186959646215
0.874012462955 -0.485903796038 -8.67361737988e-019
0.0533310167973 0.0959283829059 -0.993958486207
0.482968085311 0.868731860461 0.109756311691
-0.00503628431635
0 0 0

00000003.jpg
C:\Users\Nanio\Desktop\Organizar\TCC parte 2\Fotos Kitty-livro\2016-03-15 08.17.50.jpg
638.790039063
320 240
-0.571121550656 -2.33468814532 1.45175003067
0.227254123953 0 -2.79872870878
0.919788611542 -0.360948903394 0.390813633416
0.862159655487 0.438562809722 -0.172103419473 0.186343169505
0.871313129928 -0.472271399024 -0.133314832358
0.170358852265 0.545877860472 -0.820362969227
0.460207667007 0.692081674533 0.5560860958
-6.68122950337e-005
0 0 0

00000004.jpg
C:\Users\Nanio\Desktop\Organizar\TCC parte 2\Fotos Kitty-livro\2016-03-15 08.18.57.jpg
705.104003906
320 240
-1.45668795728 -0.134691109971 0.0413506913599
1.46253936773 -2.22044604925e-016 0.0526291336332
2.22742173232 0.137894732394 0.0589436164648
0.439070888621 0.896423136109 0.0554955654206 0.0237217859367
0.992715084495 0.0786638015499 0.0912624802293
0.120325984074 -0.608273998487 -0.784553646374
-0.00620346866549 0.78981956543 -0.613308105072
0.115310789711
0 0 0

00000005.jpg
C:\Users\Nanio\Desktop\Organizar\TCC parte 2\Fotos Kitty-livro\2016-03-15 08.18.21.jpg
637.661804199
320 240
-0.127124510179 -2.27901339218 1.57978077681
-0.637749302417 0.312413645629 -2.68355056483
0.872526473425 -0.621332404486 0.502405154024
0.830072402085 0.411260289368 -0.292861422828 0.236805753541
0.716310444845 -0.634016363994 -0.291414803435
0.152247318684 0.549576089486 -0.821454222883
0.680969935466 0.544049042229 0.490194236482
0.00536748436154
0 0 0

00000006.jpg
C:\Users\Nanio\Desktop\Organizar\TCC parte 2\Fotos Kitty-livro\2016-03-15 08.18.14.jpg
643.616943359
320 240
0.658454234906 -1.66748717655 1.13534133128
-1.23889312451 -3.33066907388e-016 -1.72285189801
1.35234661119 -0.725345761208 0.722625340861
0.661402631952 0.597978518133 -0.320732258899 0.319529347667
0.590063682895 -0.806257258609 -0.0421229502886
0.0390929475223 0.0806452511577 -0.995976010722
0.806409690462 0.586042252253 0.0791048321585
0.000506806653703
0 0 0

00000007.jpg
C:\Users\Nanio\Desktop\Organizar\TCC parte 2\Fotos Kitty-livro\2016-03-15 08.18.50.jpg
556.081176758
320 240
-1.20592773372 -2.64097430556 1.279948667
1.47817931788 0.0942062422605 -2.80595554111
1.07125884642 0.0665224013457 0.0801010561791
0.858656520728 0.510147351654 0.0316788299909 0.0381451614713
0.995082722086 -0.0331854511648 0.0933217526664
0.0978289153615 0.47658916422 -0.873665999337
-0.0154831830967 0.878499400783 0.477492196051
0.0303112985476
0 0 0

00000008.jpg
C:\Users\Nanio\Desktop\Organizar\TCC parte 2\Fotos Kitty-livro\2016-03-15 08.18.41.jpg
625.368591309
320 240
-1.18287145044 -1.72467743256 0.530881495018
1.49718305693 -0.458411531537 -1.48453176009
1.57483898773 0.188754238374 0.086953045149
0.700822796366 0.707204297532 0.0847628294671 0.0390475265674
0.98258113524 0.0651585243381 0.174036666179
0.174620111379 -0.00332535269956 -0.984630184198
-0.0635782265209 0.997869389394 -0.0146454149175
0.0466290945791
0 0 0

