# Camera parameter file. 

# The format of each camera is as follows:
# Filename (of the undistorted image in visualize folder)
# Original filename
# Focal Length (of the undistorted image)
# 2-vec Principal Point (image center)
# 3-vec Translation T (as in P = K[R T])
# 3-vec Camera Position C (as in P = K[R -RC])
# 3-vec Axis Angle format of R
# 4-vec Quaternion format of R
# 3x3 Matrix format of R
# [Normalized radial distortion] = [radial distortion] * [focal length]^2
# 3-vec Lat/Lng/Alt from EXIF

# The nubmer of cameras in this reconstruction
4

00000000.jpg
C:\Users\Nanio\Desktop\Organizar\TCC parte 2\BasePontos2\Resultados\Esquerda.ppm
1809.92980957
1000 750
-0.155585282108 -0.0189872483658 -0.506882835409
0.391276935385 -0.13945785083 0.330077975172
-0.439486148374 -0.523672581519 -0.11656804403
0.940478855496 -0.215365738058 -0.256620447395 -0.0571229899496
0.861765419898 0.217980436878 -0.458087417319
0.00308858003672 0.900709645826 0.434411867644
0.507297001332 -0.375775823724 0.775526844814
-0.0305490070473
0 0 0

00000001.jpg
C:\Users\Nanio\Desktop\Organizar\TCC parte 2\BasePontos2\Resultados\Frente.ppm
1731.41711426
1000 750
-1.35170205409 -0.00823604544016 0.0650153636451
1.35119756326 -0.0075254037436 0.0748550493076
-0.464186082471 0.101419574689 0.00975257124016
0.97190133079 -0.229915106433 0.0502339324457 0.00483052710831
0.994906024716 -0.0324887064823 0.0954239861223
-0.0137095235824 0.894231797912 0.447395011126
-0.0998657170569 -0.446424180518 0.889230964538
0.00634290001065
0 0 0

00000002.jpg
C:\Users\Nanio\Desktop\Organizar\TCC parte 2\BasePontos2\Resultados\Direita.ppm
1446.37011719
1000 750
-1.76498385695 0.0161076008523 0.668535049682
1.82455164525 -0.166241572296 0.453590156148
-0.461584632387 0.616825382297 0.10703058246
0.925324570969 -0.225018357442 0.300696827005 0.0521764464658
0.813717718599 -0.231884894957 0.533003068745
-0.0387643031944 0.893288562196 0.447808588124
-0.579965581015 -0.385051472118 0.717895965759
-0.0556871546216
0 0 0

00000003.jpg
C:\Users\Nanio\Desktop\Organizar\TCC parte 2\BasePontos2\Resultados\Cima.ppm
1207.18505859
1000 750
-1.21807422105 1.08687380761 -0.0765004000412
1.21807414288 -1.08687359161 0.0765001015732
0 0 0
1.00000002017 0 0 0
1.00000001913 -3.25189812855e-008 2.55199617327e-007
-3.25189812855e-008 1.00000016299 9.93227899926e-009
2.55199617327e-007 9.93227899926e-009 0.99999997923
-0.0440045681923
0 0 0

