# Camera parameter file. 

# The format of each camera is as follows:
# Filename (of the undistorted image in visualize folder)
# Original filename
# Focal Length (of the undistorted image)
# 2-vec Principal Point (image center)
# 3-vec Translation T (as in P = K[R T])
# 3-vec Camera Position C (as in P = K[R -RC])
# 3-vec Axis Angle format of R
# 4-vec Quaternion format of R
# 3x3 Matrix format of R
# [Normalized radial distortion] = [radial distortion] * [focal length]^2
# 3-vec Lat/Lng/Alt from EXIF

# The nubmer of cameras in this reconstruction
4

00000000.jpg
Y:\ND\UFS\Trabalho de Conclusao de Curso\Documentos\LateX\Figuras\Base1\Realcado\1.ppm
2315.63647461
1000 750
0.247833748368 -0.00757843611966 -0.0612140395102
-0.247833468476 0.00757843275348 0.0612139497706
0 0 0
1.00000037191 0 0 0
1.00000112757 -1.22332190385e-009 -7.10432863926e-009
-1.22332190385e-009 1.00000041037 -7.67689280581e-010
-7.10432863926e-009 -7.67689280581e-010 1.00000143733
-0.326461115338
0 0 0

00000001.jpg
Y:\ND\UFS\Trabalho de Conclusao de Curso\Documentos\LateX\Figuras\Base1\Realcado\4.ppm
2294.45214844
1000 750
1.23779142991 -0.00542660420798 0.0837644493549
-1.2115721279 -0.00607520719951 0.266884825892
0.0157142658581 -0.284374110569 -0.0105028577493
0.989864215193 0.00783056887844 -0.141706337423 -0.00523367440574
0.959784539549 0.00814197349471 -0.280622057
-0.0125805345381 0.999823036252 -0.0140191135705
0.280458072926 0.016985686099 0.959717082275
-0.348564780676
0 0 0

00000002.jpg
Y:\ND\UFS\Trabalho de Conclusao de Curso\Documentos\LateX\Figuras\Base1\Realcado\2.ppm
2299.67382813
1000 750
-0.276018738179 -0.00808443456192 -0.104349355608
0.25490599536 0.00554741072915 0.148770105264
-0.00094909176405 0.166919688123 0.00908225060866
0.996509012409 -0.000473993542139 0.0833627023463 0.00453583973611
0.986060745064 -0.00911903812971 0.166139087417
0.00896098257378 0.999958542191 0.00170091722017
-0.166147649331 -0.000188438126094 0.986101559991
-0.326602663496
0 0 0

00000003.jpg
Y:\ND\UFS\Trabalho de Conclusao de Curso\Documentos\LateX\Figuras\Base1\Realcado\3.ppm
2340.7578125
1000 750
0.259010449955 0.512769911452 0.152808913364
-0.261656424978 -0.533546414645 -0.0152934639868
0.264414771805 0.00621618134032 0.00602710394403
0.991264162024 0.131822180459 0.00309903479603 0.00300477155013
0.999963223974 -0.00514000175678 0.00693611129654
0.00677408765407 0.965228033398 -0.261322656765
-0.00535173722415 0.261359756229 0.965227298279
-0.416771869988
0 0 0

