# Camera parameter file. 

# The format of each camera is as follows:
# Filename (of the undistorted image in visualize folder)
# Original filename
# Focal Length (of the undistorted image)
# 2-vec Principal Point (image center)
# 3-vec Translation T (as in P = K[R T])
# 3-vec Camera Position C (as in P = K[R -RC])
# 3-vec Axis Angle format of R
# 4-vec Quaternion format of R
# 3x3 Matrix format of R
# [Normalized radial distortion] = [radial distortion] * [focal length]^2
# 3-vec Lat/Lng/Alt from EXIF

# The nubmer of cameras in this reconstruction
8

00000000.jpg
C:\Users\Nanio\Desktop\Organizar\TCC parte 2\Fotos carrinho\20160229_141425.jpg
1555.98156738
1024 616
0.00139029010263 -0.226418247784 -0.129588192668
-0.01024014911 0.259465000846 0.0251604358852
0.406664346337 0.428173246828 0.101036988293
0.955470350345 0.200305013707 0.210899354338 0.0497663872113
0.906090560141 -0.0106121232628 0.422953201617
0.179589106434 0.914804717119 -0.361779888515
-0.383079118291 0.403762117974 0.830799084293
-0.0165142649855
0 0 0

00000001.jpg
C:\Users\Nanio\Desktop\Organizar\TCC parte 2\Fotos carrinho\20160229_141427.jpg
1562.60388184
1024 616
0.841890760929 0.0560640692889 -0.227815437353
-0.867606080019 0.0301029996253 -0.100875984546
0.396924661116 0.380680585419 0.0687420845052
0.961846191119 0.195931820174 0.187913343042 0.0339327914315
0.927074722746 0.00836013322212 0.374784544601
0.138912637992 0.920918702429 -0.364159664321
-0.348190388461 0.389665435493 0.852598956302
-0.0254867041418
0 0 0

00000002.jpg
C:\Users\Nanio\Desktop\Organizar\TCC parte 2\Fotos carrinho\20160229_141430.jpg
1581.65698242
1024 616
2.61318408167 0.0584943408985 -0.0296511301472
-2.51550537395 5.55111512313e-017 -0.710814700583
0.379798561744 0.287477183595 0.0728102756964
0.971116491737 0.188067416743 0.14235201693 0.0360539555488
0.956872589216 -0.0164816256783 0.290041752282
0.123568737625 0.926662542 -0.355005998669
-0.262919812809 0.375535481162 0.888733830878
-0.0189848805086
0 0 0

00000003.jpg
C:\Users\Nanio\Desktop\Organizar\TCC parte 2\Fotos carrinho\20160229_141433.jpg
1605.93469238
1024 616
5.89667647436 0.00993315102943 0.306741607909
-5.89817748696 -0.0539949232385 -0.271349034773
0.453754031753 -0.00343880348304 0.01489675907
0.974344568371 0.224933467728 -0.00170467243958 0.00738457278845
0.999884267072 -0.0151569666387 0
0.0136235069059 0.898701132575 -0.438350589541
0.00664375332942 0.438300220562 0.898803952008
-0.0102508490304
0 0 0

00000004.jpg
C:\Users\Nanio\Desktop\Organizar\TCC parte 2\Fotos carrinho\20160229_141439.jpg
1896.45422363
1024 616
9.45802851857 -1.70241001061 4.44001538274
-10.4020854381 0 -1.96544164474
0.443412498383 -0.281443316569 -0.0244597523443
0.965645527738 0.219161519296 -0.139106464252 -0.0120895024496
0.961006353822 -0.0376247962873 -0.273954549561
-0.0843214921795 0.903644232133 -0.419900863959
0.263355590776 0.426628499884 0.865234555009
-0.176869842883
0 0 0

00000005.jpg
C:\Users\Nanio\Desktop\Organizar\TCC parte 2\Fotos carrinho\20160229_141442.jpg
1859.13635254
1024 616
11.1442351875 -1.35443481682 5.80836704854
-12.6257651855 -3.33066907388e-016 0.59656135702
0.399008276739 -0.541165161693 -0.0221447469796
0.943961513896 0.195763390388 -0.265509095899 -0.0108647639679
0.858772888614 -0.0834419663217 -0.505514386092
-0.124465642495 0.923117157369 -0.363816992883
0.497007086378 0.375355432542 0.782363312884
-0.28353307653
0 0 0

00000006.jpg
C:\Users\Nanio\Desktop\Organizar\TCC parte 2\Fotos carrinho\20160229_141432.jpg
1800.68994141
1024 616
2.09738089885 4.14840582747 1.90796907949
-2.50288641403 -4.3427635562 0.352954457155
0.665072046863 0.289868366161 0.144201897802
0.93238375936 0.325006737373 0.141652580947 0.0704684380415
0.949937964365 -0.0393311809155 0.30995474065
0.223483327794 0.778809745158 -0.586097894211
-0.218343523133 0.626026120224 0.748610189347
0.128476919451
0 0 0

00000007.jpg
C:\Users\Nanio\Desktop\Organizar\TCC parte 2\Fotos carrinho\20160229_141448.jpg
1851.07299805
1024 616
10.6543178775 -4.70295551361 11.1175963931
-15.9563618588 1.36480850886 1.66286400729
0.184467214318 -0.927648176155 -0.165766571802
0.886942239637 0.088730769569 -0.446209028871 -0.079735553763
0.58907922958 0.0622566948473 -0.805673216719
-0.220626627686 0.971538327993 -0.0862407085086
0.777373324933 0.228555561436 0.586048588237
-0.72492463357
0 0 0

